3949	3018
4650	2119
3881	704
664	1379
3632	3654
55	3889
3182	1834
1837	956
3729	3512
2773	2397
2256	1245
2232	1487
3704	3382
3960	1427
3482	1507
3244	21
1504	4646
4093	2202
3230	3802
1720	341
4573	3058
3852	1068
3242	4752
1891	1851
2774	606
845	2509
4862	108
3839	443
1963	502
411	1699
1076	217
1289	2309
3975	3683
2563	4356
4167	2220
2775	2096
2598	3093
1653	3868
4708	2835
3720	849
3416	2551
4178	2926
3283	1805
3799	1018
3940	2583
4043	2152
781	1734
1080	4678
4901	2173
4392	1058
4055	4889
2817	3216
864	449
3870	1725
278	3214
730	2761
4619	3470
615	1061
3153	4788
2661	2009
3968	4844
3830	1656
3770	1293
1845	2243
3039	4759
1367	1126
2420	2102
1843	3395
1439	83
1619	2681
1917	2173
3692	1704
3141	4497
3833	948
2357	3083
3043	1484
2610	4256
6	3102
653	906
3701	537
2736	1471
1206	1414
369	2886
63	3363
3589	4598
655	3885
2462	1773
4266	930
3495	2314
405	2657
4316	1961
4383	990
854	4272
1776	3974
2860	2378
4843	1555
3949	247
2311	4988
2666	701
4588	4965
4745	2952
3024	2214
459	1130
3081	4386
3351	4175
4748	710
1184	2287
1469	2828
1537	2768
4968	2268
2745	1832
3931	2574
4818	3076
4502	3838
4811	2800
1211	3852
2837	860
4568	2639
1290	4583
2284	757
2521	2026
1221	1465
4735	1763
2367	4506
3879	157
2841	2572
770	4744
2194	118
2122	4043
1313	4959
2768	2498
4218	149
373	1061
4748	2260
1926	4928
2247	1119
1560	944
3963	725
2275	385
963	4779
4843	1121
904	4515
58	1007
2075	1158
1057	3942
2154	3667
2701	4168
1828	2684
1246	1641
1783	601
2914	425
2614	1371
601	3845
3473	3143
4713	4131
236	4172
2794	2872
546	4891
2204	2921
1138	3651
2892	3442
4983	3126
2950	4253
1821	1188
3860	18
3343	4754
356	3223
870	2750
2919	1445
1892	1857
198	1944
1631	3025
1904	2976
3176	810
3582	2272
1163	2009
183	4699
185	2733
71	542
513	2066
4698	2013
670	3491
3751	1022
530	1707
1975	3092
824	3441
2069	3217
4630	1726
4391	4636
3857	3403
1538	2514
75	1907
2037	4220
503	2843
2116	4757
1093	1722
3212	919
681	3929
4246	4337
1038	4224
2525	14
2992	913
625	2236
127	3061
3110	1016
1375	1074
2038	2859
4189	3142
715	539
4340	4707
3681	1521
4364	1031
4856	3122
4484	1214
2943	4708
2287	1374
867	919
2666	3007
4744	3125
4941	1629
479	671
792	2092
309	1118
1533	1006
2204	963
1179	4459
4138	4275
1555	3446
4615	3739
2643	3192
821	268
303	556
4984	1770
1392	3670
1644	2143
1077	4136
598	4847
4862	2939
2523	3871
2119	710
3260	3415
265	2302
2227	825
476	595
4919	1910
921	666
3852	1028
1341	4852
158	4269
2503	114
2171	94
2890	2171
1768	3458
2925	2493
4132	3491
3064	2499
4721	3429
1794	753
2352	303
2805	441
4580	2990
3179	2640
2031	456
2002	3595
1785	3098
1210	1640
40	4783
1288	1274
1241	773
1787	3716
587	2213
1067	2233
612	2039
3793	3086
478	4336
3362	3605
1697	1761
3933	3639
636	1365
2364	3236
2318	4990
4135	2818
3359	4525
4491	3008
916	2484
2706	238
4718	4290
2036	3883
3796	186
4628	1779
2671	592
4157	2115
3827	642
1587	1817
246	2270
2430	4413
393	1150
3480	3806
3483	1708
1232	2802
141	2884
2271	4630
4600	1133
4424	742
2274	907
2949	2562
3656	4044
444	3614
4534	4052
4160	3748
4273	1176
636	263
853	2436
1866	1087
1834	4577
1050	1324
4585	2615
1142	4680
3213	3186
114	3134
1093	3028
2457	4825
310	735
1530	299
3020	1301
1097	3107
4313	1590
690	3241
2495	4669
3289	4681
527	543
1493	2441
3564	49
731	3665
353	4790
3206	654
2735	3474
3164	3163
1515	4677
1299	1013
148	4263
3923	217
2722	148
997	2229
4410	1693
2033	1320
1910	19
2006	254
4665	1072
993	4963
1736	364
4464	3747
1220	2961
2873	4740
4316	4011
796	4018
4416	1015
3919	909
592	1471
1344	1800
1810	3560
821	1920
1379	704
4719	415
197	191
749	2972
3598	3865
2309	4681
4705	300
3405	97
2374	3125
3216	3323
148	353
4068	2576
1599	443
952	837
45	305
570	3949
3690	2115
3694	1871
4451	874
4931	1063
4895	1168
3120	2043
2722	2801
1628	3412
1123	3501
1907	703
3477	3874
2596	4559
435	4554
3783	4241
4980	3830
4380	2684
3367	2327
3895	1955
496	988
4767	840
2831	3301
382	582
978	3515
4162	1219
3481	1473
3074	4504
2695	4755
4845	3023
4280	4490
1443	2240
2806	90
2719	1544
2918	776
4428	3782
2503	986
3261	4387
2210	309
3953	4438
4445	3101
2019	569
2658	1053
1359	4547
997	4923
4041	4739
4394	2607
3055	357
4436	3448
1903	1188
3539	699
3819	645
1941	4081
3480	2276
1357	147
4663	4902
4896	21
3506	1058
1876	2316
264	2476
483	4573
4036	1598
4805	1412
4896	4821
2581	2565
1471	3230
1458	2091
487	3940
4837	3755
4845	4696
3746	4564
2675	2923
2007	2101
3701	490
1721	2570
4497	4542
2478	3061
3660	4158
174	1701
2009	4164
1523	54
2156	1354
1359	2013
3909	1455
1148	4901
4112	1857
2430	419
1865	2488
2277	82
4198	1157
223	2668
2156	1198
1530	2694
4787	1319
3991	4879
1462	1949
4154	709
1394	1922
2614	3652
856	4065
4661	4715
2061	4821
1653	692
1878	106
983	240
2009	1519
1512	1509
207	3303
194	2126
3510	3091
13	4933
4347	3117
4839	3639
3076	4012
4075	2732
2444	87
3245	2753
2175	1135
1667	3764
4301	165
1000	4523
220	2277
850	3394
189	14
2091	3871
25	983
3620	4060
3477	1048
2765	264
1608	562
194	2146
853	332
1800	3195
4492	3059
4389	4550
450	1925
4252	1935
4545	1362
3240	3694
995	583
744	3855
4600	1344
4521	1183
3599	2170
1129	2436
1144	4082
1239	3113
4840	4061
2569	3821
4678	2901
3605	2151
3938	1317
4625	3376
3413	4266
4758	1301
3108	4317
214	4952
1166	1321
3030	1418
2589	2765
3159	3855
1433	1583
3895	2269
2343	4566
2492	4770
3817	1474
3728	706
4312	1802
4312	3266
1372	177
2471	3580
4500	1622
3528	2151
2272	206
1881	1546
1643	3328
3970	1069
2895	2717
3252	2043
4185	778
4806	4960
2355	828
2283	1763
888	1791
1640	3553
890	1027
4777	1742
287	3603
483	4544
4898	27
3772	2370
2798	1869
1967	473
4245	1328
595	1143
3783	807
1459	577
278	2409
4456	1207
894	185
147	576
722	4180
2215	3192
4450	2891
2834	1919
3984	300
804	3030
2209	3425
665	1377
4769	4541
4465	2796
3631	1366
3166	2995
2408	2316
3277	3106
103	364
4957	2429
3082	2625
461	1181
3143	3424
1154	4664
1822	1494
3430	1259
2648	2704
4116	3583
1837	926
2920	1342
3068	1974
1356	2944
1683	2265
908	1486
2646	3644
1363	4578
3316	3676
1503	2377
2653	510
839	4215
2455	2651
3860	3701
4872	4149
4109	1984
4150	4321
437	1985
4698	4089
1808	3981
4851	4140
163	3777
1687	2004
3392	580
4332	2075
3473	2969
2173	1211
3964	4927
56	561
2644	951
1444	1093
4208	2969
4560	1185
3301	4842
3998	963
2479	3286
4806	3889
4836	3247
2799	1760
1889	2944
4352	3889
4886	2808
1773	1873
2461	1494
4733	3363
2121	365
3080	4748
3272	3244
3742	90
3274	4853
2843	554
3428	4327
726	4829
3373	4459
1304	1918
1226	1248
2234	218
2132	4443
4648	3701
4439	3726
3002	3125
4270	2515
4616	677
1634	1014
1157	160
4770	1933
949	1432
4988	1452
4464	826
3777	4489
4344	3464
2286	4473
1951	355
3254	2357
3202	882
4654	3237
4058	3267
3145	3782
1329	4829
4177	387
3617	288
703	1046
2048	2
4514	3233
2032	1598
779	1750
3131	4699
3265	3951
4227	4742
800	874
3479	2693
293	3837
3826	362
1820	2058
2174	1103
4186	1783
1678	2708
4143	1573
1217	4771
1787	850
2146	4236
3033	981
4923	1154
265	2158
3266	4689
1503	1735
3956	4106
1320	2483
1158	4020
2453	3178
4603	2537
857	4350
1344	4650
4588	1725
2755	40
2458	4283
1761	4144
2430	35
2086	4786
3527	4017
2815	3231
2189	335
2684	4836
2204	1235
1402	1567
2743	3578
485	4021
4057	3715
3594	1229
3692	4834
3810	421
2980	3671
962	2615
1277	4050
1272	3039
1177	4990
3800	1804
3063	2583
1372	136
3077	2873
1586	4982
502	2327
3191	935
2214	2284
2337	2233
482	3521
3682	2349
1284	1060
1601	3403
660	201
1443	1492
2123	3432
4399	2660
2217	2178
1182	3674
2278	769
1209	3853
4093	4916
3901	2556
3805	4995
2073	154
3449	2493
3616	1557
4759	2436
2994	1890
4358	2938
397	1254
4416	2034
3993	3443
215	4989
2232	3917
1164	3359
4244	3432
162	893
835	3952
1153	614
2222	3588
2959	2467
4287	2000
2345	3268
4200	814
2599	1569
3105	4937
4821	2185
2257	1565
2261	75
622	2198
2466	4095
1207	2755
2640	1495
126	1431
3647	4959
4683	1756
1055	3534
1484	3044
4205	4744
121	3317
1371	762
1795	1968
317	114
3069	3983
440	3752
1586	3336
3213	3420
1494	1923
3635	989
4081	940
563	75
1710	4388
3757	2483
1649	1339
3759	524
2287	666
3454	546
688	1544
3109	951
3559	827
426	2729
1410	2129
792	2988
1860	3218
3711	1388
2848	1907
1544	2638
1193	4218
2644	1324
2100	2185
3237	1644
3599	2697
3940	4645
43	4917
3384	2821
1092	3087
440	25
2345	4971
336	4601
447	726
1344	3039
2656	2146
2915	4245
1729	2945
3522	4776
2865	4363
1992	2596
4516	1183
4897	4381
4456	1266
3819	3312
3223	4550
4263	1980
475	2882
3897	3696
2481	3914
4066	4938
3803	1843
3663	1753
4689	3861
1002	4888
3194	2557
4294	3264
3604	3206
2225	3497
4651	1556
4130	564
3694	3333
3785	4807
4981	1555
534	3902
1119	2010
1081	3218
1584	1451
1184	4105
4183	2955
4480	451
4701	547
1227	2316
2769	3284
1120	2178
3393	3142
4128	3501
3699	374
627	3989
1010	2674
4547	725
2132	458
4329	299
1416	1645
1292	4728
4557	445
4496	962
3757	640
3410	355
2800	1028
618	4430
1781	1550
1417	1806
1899	4686
402	4707
302	1851
3141	2138
4678	463
3726	3975
4745	4606
2572	2994
2552	2433
2654	1195
3222	1985
3248	3459
765	3906
4451	2641
4667	1646
3002	2213
3354	290
224	3628
4350	129
600	2473
2799	611
2332	3524
3742	4666
4479	450
2531	4865
2998	2089
605	2010
1768	2286
4595	3658
3279	3317
3216	1802
4775	1292
2732	717
1987	4965
972	345
1767	918
3828	3884
1511	4518
1107	1500
4894	1102
4884	1803
60	1009
2565	390
807	2778
4536	1584
3234	4617
4415	2583
2619	225
1724	1963
2525	2489
1006	1390
2982	2381
2112	3501
4667	1344
2044	1874
768	4168
2093	4930
4180	4150
4778	4258
2896	4873
2182	2769
304	2614
2604	585
2210	4054
863	840
84	684
704	294
970	657
4641	2394
973	4102
2278	277
4831	893
2163	3842
4162	3309
1384	4177
1624	4296
570	2951
213	4498
3083	452
2449	3864
2841	4480
1602	4691
724	314
1887	448
3345	3815
2263	3077
4340	420
663	2482
3642	2992
1130	337
3036	1360
2403	603
1728	3392
1438	1857
2609	2579
3812	4924
1046	648
4669	4385
3416	4433
616	2492
4301	3144
334	2584
1098	2369
4789	729
3126	3998
2424	3534
3457	115
4524	870
4459	143
4941	350
2097	2515
3038	2620
546	1498
168	363
3575	109
1578	3907
1313	2850
2406	2524
3373	544
1300	4247
3826	434
1416	2801
2972	3013
1455	1125
3240	1848
2175	3661
679	3879
4628	3957
2936	4092
4590	1356
3846	4715
3432	4879
577	3112
1988	940
4664	3847
2033	1160
2156	3511
2647	3485
1359	3052
2425	3420
3163	63
3449	2890
3320	1093
969	1434
3637	1113
2229	4088
4544	886
2055	3269
1896	1413
1146	4412
4279	560
3864	4559
4838	2537
1119	4807
384	4881
3470	2406
1528	401
4429	635
3967	1566
3738	3713
349	2933
144	3084
2177	787
3890	4217
3275	3871
2646	1753
4207	4575
3316	378
3628	1148
3805	754
242	331
4489	2553
4539	4432
2608	1041
4840	2705
4874	3381
3420	1236
1659	1155
4149	294
3390	4415
710	1753
3490	1758
3570	3690
3954	2076
1916	3436
3829	4610
1626	3404
3878	1751
1591	4178
4327	3610
975	2832
4774	969
2909	3042
3986	2138
4585	3851
2182	3275
949	3920
3459	2095
4534	34
4885	984
3928	2614
3748	1772
3874	4697
2282	974
73	4114
1092	2025
3073	3944
1818	4187
2973	884
3968	3772
1207	189
2863	1465
1212	3102
2630	4545
2143	1766
4473	1172
4469	516
1508	4027
3336	573
4049	4376
2757	892
1997	2675
3305	428
3704	2173
1184	2437
2419	2013
638	1016
2628	4045
1878	2977
1181	2192
2495	2704
700	1314
3967	1404
4563	1180
4704	4589
4566	986
2591	988
3668	1851
2259	4737
535	789
1930	489
758	2250
2983	3682
2474	4211
4784	1908
2374	4855
2028	3357
3359	2439
4050	1193
1251	4138
3372	4621
710	4952
4546	526
783	3989
67	4971
233	221
2455	348
301	2894
2960	989
1237	694
4486	4778
3219	1882
3777	713
744	2680
4377	2335
3449	3049
3074	2112
820	1022
2164	863
1408	3590
1094	637
2882	3626
2162	954
1964	2638
308	1749
608	236
4724	4610
1434	69
2579	2527
459	4375
2706	4130
2026	3790
2773	3507
213	4120
743	2697
2909	2234
2271	1804
4703	3088
4024	1135
3743	4677
4567	3896
527	2487
965	3613
4270	3405
2660	4692
2828	1169
2559	983
2616	3020
2354	3266
1908	4026
640	410
1329	219
1755	2780
4716	4315
4789	4439
778	1487
4021	2104
3664	2692
854	4160
4034	2534
1338	140
4381	1641
1428	4200
3265	1720
403	544
4374	1040
4914	461
2279	2896
4	3241
380	543
2165	1535
1841	3201
1299	145
2564	319
3163	4472
492	4691
4289	954
3533	3469
639	3627
1976	405
4438	1386
3134	1750
3027	14
1125	1482
2000	3886
108	1935
4987	650
3536	1254
4620	865
2249	597
3576	4751
1839	2824
3811	1611
3494	2640
3978	2819
1128	1879
4446	4708
3857	4431
2125	4089
2910	3711
530	3191
2583	545
2253	1932
3907	99
981	194
3715	3760
4921	3579
1079	314
3542	4762
620	1438
3403	4868
3159	3499
4000	2849
1731	4016
2901	3475
1174	314
1023	2338
2290	3064
4469	3089
2943	539
112	2720
989	3556
4769	975
567	692
3453	164
3652	946
3507	4194
1215	2789
631	1326
2599	4118
1279	1166
4088	256
2170	1233
624	79
3592	1653
4374	3962
3083	3057
452	4407
1949	4959
3845	2962
893	4797
4321	4745
3073	4801
798	2159
4055	3687
1329	2547
614	2680
4202	3420
1079	3120
3214	1236
3929	4876
1541	4421
2490	775
2891	4172
961	2080
100	3809
560	465
1024	648
912	1670
1655	4687
3788	31
4366	1724
543	4484
911	3675
3810	821
3231	137
1910	3955
1848	1200
2007	1014
4583	4223
585	2788
3624	4868
1340	3251
1157	1329
2715	4811
1606	4937
4203	4819
4386	1637
4175	4542
1411	2224
568	4666
912	563
2889	2773
1228	2469
2816	2716
4219	2827
4704	4841
3733	1480
3548	4512
2995	425
983	3910
751	2600
4255	1863
2248	1746
39	3554
1802	4447
203	2067
2716	2022
879	438
843	2138
3568	4002
3988	2190
4492	2490
1439	1504
3853	1299
3407	2804
952	3458
2885	3480
1668	2790
4828	1919
3334	2085
3024	2973
3970	670
2232	2966
3019	226
2322	2251
4523	4655
1501	3802
4567	50
642	616
1554	337
1460	838
4474	771
134	182
4367	1749
3796	2184
975	3793
4113	1533
470	3540
55	1455
4675	21
4006	1411
102	3029
3859	3932
646	3560
666	3077
775	894
3807	3499
2728	853
1141	3253
4602	879
4193	1105
3237	2260
2177	3164
269	1060
2022	4965
1161	1867
2073	2814
324	65
1874	408
2388	4917
1019	3571
240	669
555	1455
4183	3197
2886	145
4923	2433
1394	2973
2861	4857
3340	4725
3458	2272
2641	2107
914	3017
1617	65
4185	447
2781	610
3807	598
4385	460
4090	1651
84	1341
3555	429
653	2055
358	1663
1912	922
739	2916
2702	1172
4713	1045
3635	4439
3122	2033
3256	431
4626	442
2448	3870
1449	24
360	3638
2984	212
3536	499
1552	379
2974	2635
1213	1485
706	2906
4474	1241
3787	3854
3071	3863
4296	2884
3557	41
1459	2645
561	1951
384	488
3383	2141
3364	3917
1654	1764
2297	1011
4265	674
4725	807
3318	894
1513	1851
823	676
3487	4502
4598	3497
4397	1541
2574	1492
2335	1198
1324	2825
2353	3932
4197	3555
4129	3772
3096	1542
4219	2859
1460	1070
2494	1530
2652	2991
4092	2183
4247	2850
1903	3785
3565	2424
390	167
906	614
4735	718
2223	1917
1198	4526
670	1629
1588	39
4339	3470
1075	3005
4507	3187
269	1061
2292	4995
1789	2011
155	141
381	3538
3669	2527
4294	4983
325	1435
2054	3602
4396	4175
3516	2265
2239	80
223	2147
482	4746
3796	1966
3755	1621
3878	4238
633	4096
472	3451
4810	2419
934	2333
884	3324
3322	447
339	784
50	1373
4033	2227
3590	3419
4300	358
1471	411
2738	4444
3547	4018
4191	3945
341	3552
4223	415
3874	3187
319	1295
4134	2023
4725	1752
149	2476
2336	4327
4125	4299
4809	3420
473	4902
897	652
48	4460
149	4200
2748	1109
821	2770
3015	1584
4986	279
2862	2943
1693	1557
274	4787
1948	2378
2980	4922
831	3014
1565	3385
225	3887
32	1903
1602	679
4455	3073
3425	2380
2057	131
1111	2363
1902	1185
4351	2538
1129	187
4137	2417
4132	1694
437	3340
2482	3437
3925	3776
125	2915
4700	767
4736	2467
74	4370
4574	2262
3929	1794
425	4712
2690	850
4631	1720
2713	2901
3175	4282
3207	4992
4641	1763
2405	2587
4588	304
862	225
1161	4836
790	3217
572	2084
871	4425
2098	2600
4250	4966
150	4016
1098	3851
4358	3464
4452	3619
2099	2338
3850	132
2750	1063
487	3098
981	3009
558	4909
4524	584
4347	4817
4129	3487
4283	704
3584	1138
3519	1062
549	4710
1026	464
2648	893
860	3473
1169	4149
4616	2899
3365	3380
1392	2447
3690	1067
1416	2913
2052	3395
3912	2058
2626	3208
2258	3467
3498	1097
4716	892
2985	2648
40	694
2671	3596
230	1227
1679	2785
1147	1440
3612	393
4610	3643
4126	1593
2521	3367
1060	2522
3583	3697
868	1043
3986	1527
1790	4920
2669	3996
1262	2304
1062	3458
216	2424
3837	2620
3374	4264
1736	1159
1925	4759
571	2213
3526	4897
3413	3661
2784	2121
1479	4426
3570	467
3221	246
3206	4155
1742	2043
2034	4988
993	87
3664	3806
4621	1241
1436	2343
3923	180
3590	3660
3855	4423
3781	2989
648	2502
2180	2859
2889	2113
4481	1014
1504	270
1672	3519
2460	1061
3806	1158
3220	3417
4065	3761
3115	4822
3733	2522
4095	3211
3873	4316
4904	4038
1432	3530
2534	3382
372	3324
2395	1249
61	655
823	2986
3174	4615
3634	1342
2321	1515
3429	1836
953	4261
1066	2175
4900	1029
841	1705
4364	4538
2748	4005
699	2100
3354	545
348	4024
3384	1190
4417	1497
3238	774
2766	3840
1669	3065
340	2735
3358	3228
2306	3223
958	3255
830	4508
4949	2952
2441	2026
1622	4649
1561	4087
2121	4411
3416	2133
452	4790
2449	2377
3472	3990
1555	3053
4960	2707
4350	2790
284	917
3082	3859
4987	4050
4574	2795
4511	4406
1654	4641
4138	574
3639	3959
4999	41
3908	3004
4339	4115
730	3820
1579	975
4976	378
4399	704
2552	4972
2027	2340
603	2531
1414	4062
2121	102
2619	3950
2934	1714
4173	4479
4584	3616
3888	869
3828	1779
2986	617
3224	300
993	1555
3355	1068
990	4771
2761	4869
4566	4715
2979	973
3890	3197
2291	3472
4220	3916
365	394
1834	3745
3992	1902
4343	1429
620	4309
4996	2798
4870	1358
2070	1280
4687	254
3089	2313
4955	4029
3835	4800
4916	4837
4107	1667
687	1815
975	2812
3326	4380
3965	1760
2644	4012
4938	4932
2712	2503
1518	204
1361	2182
1832	3329
3768	3597
757	1725
1842	1167
4580	638
2916	1478
2013	3894
4937	2741
1344	515
1175	3636
4563	1887
376	712
4731	654
1292	2644
4714	4927
3540	2096
3905	3322
3545	4692
2973	4828
3555	4249
4886	98
974	4612
4757	4463
1822	1336
1659	1043
4019	1903
3838	3067
351	4740
4350	4015
1213	3256
1822	1605
4884	3592
4015	2343
2408	3615
2374	2506
1010	3221
3173	4646
789	3612
4550	397
1505	1194
2556	1098
3326	720
844	760
486	3382
4777	3628
1901	1760
1742	4632
1716	1433
1739	1916
3160	3171
146	4179
442	2680
2612	1671
2359	2913
4853	4114
2840	1576
446	1179
260	3011
689	57
1680	1872
678	223
2681	3375
860	2404
689	417
524	2606
2117	3035
207	1706
1735	727
3968	1634
3255	2823
4532	4467
1588	478
702	4762
2625	2645
2071	1715
1570	3375
4971	4310
4989	706
3710	534
2518	627
4773	3343
3003	4844
3665	3604
2926	4508
2741	522
2753	443
2641	2660
667	40
3176	1411
3184	1514
356	1834
1312	335
1706	4356
2646	4220
4615	1810
2576	4458
729	3309
966	3289
4730	44
1611	3308
2847	3083
185	2520
2520	1104
1545	1242
4840	2947
4703	3276
3259	4457
1940	3212
3295	997
4966	986
4171	2300
570	4251
797	75
3282	1399
976	3575
1305	4803
2306	2305
2194	587
1923	940
4825	808
3001	308
3657	1922
1129	1341
2949	1130
3768	3533
2394	1319
4551	3663
1009	467
3941	4893
1939	3584
1518	4809
397	1845
57	80
3274	327
312	3308
2528	1046
3344	900
4314	3061
248	3418
4085	2613
951	280
2679	4503
2214	3624
4641	3988
3988	471
1965	707
4952	3701
770	2133
2081	2764
3444	3761
274	4283
3609	4727
3545	558
134	3971
3158	3483
2480	1345
4689	3379
2935	3775
924	3875
269	859
1312	2374
4468	1425
2923	4041
4965	1121
1758	3330
2324	124
165	46
3473	481
4416	590
4594	960
2279	3693
4355	1201
4394	4752
2536	4434
3934	1139
4713	3852
2539	1556
3532	1513
1146	2710
2345	2676
4124	1245
1830	1860
1014	2344
3483	110
2569	2272
4328	2774
3381	3875
4882	4955
3574	1117
4588	4996
118	1205
2330	1875
2570	2695
529	2692
249	147
3523	3513
719	705
2430	2014
4920	2022
1356	4668
3311	344
2645	396
1422	2891
1144	2121
2344	4197
4313	1346
1170	3284
2676	1747
3273	130
4175	3904
4885	290
2438	517
3330	4706
4376	381
2847	1084
3847	4213
4655	443
4005	4755
4869	3382
2441	3312
3269	2284
3177	2576
4374	2469
4898	3226
2851	1769
4763	2632
897	3079
2919	2517
1978	4892
1680	1597
4855	3638
2897	4438
2373	3643
628	3009
1983	4299
4507	1029
1945	119
2634	4008
2100	3740
1752	987
4341	1552
2375	2177
1169	3080
3433	1835
851	4411
1474	1859
1357	375
4197	4403
3053	478
1423	3682
3166	4916
3895	1418
2392	648
1855	4489
1354	1901
756	3377
1796	4059
2392	4118
4121	4959
4561	4076
3073	2900
1523	819
2884	172
1104	4656
498	2879
464	489
2696	150
2107	4772
3950	109
1419	4220
3147	2123
367	3258
2889	2551
4570	2132
4534	504
4123	2964
2479	4065
2301	4408
3585	4688
1662	2409
538	3834
4836	722
169	1685
3123	2935
3798	1744
2356	3503
3404	475
736	3312
2203	1447
2114	462
3242	3721
4082	4359
2874	1344
3989	3246
4582	1568
4746	3041
4583	1323
1743	1090
2955	668
3370	855
2053	1495
2485	3502
3160	4240
2456	616
4700	478
3914	4816
2124	1236
234	3569
238	1972
4791	2921
1881	3752
4856	1774
3077	2671
1334	412
2692	3112
1461	3288
2895	4621
4057	4259
4883	3447
4078	3102
3122	4634
1247	495
933	4437
4488	4134
3231	73
239	3910
613	1851
4013	2203
810	64
963	1940
4943	1860
3599	2405
3143	239
2758	1101
4441	4612
1803	4742
447	2534
1822	3886
1323	442
3576	3425
3537	2756
3698	257
2071	4655
3781	4467
1168	12
4356	4423
1009	317
4573	4204
2939	4903
1647	1389
951	2858
926	3036
3567	1543
4097	4970
3657	325
4005	2960
4095	631
554	3708
4121	4325
3987	2580
2389	3150
2611	1848
332	2335
3603	2703
4277	4106
1464	2505
2399	4902
1881	348
2568	903
4494	1582
1411	4834
3443	117
4342	4992
92	4854
4129	3916
2796	4624
1674	1634
1054	2468
1814	1565
236	1876
1114	1061
1821	1533
4024	4596
3032	2418
2028	3780
279	4406
3374	1831
640	1333
2930	4409
1461	3360
4851	4574
1307	4820
494	4996
2927	3670
3834	3324
636	2381
4750	2043
514	4275
3403	1911
2952	1257
3880	3801
3994	3319
725	2686
1237	349
3807	696
431	1032
409	3175
4508	2924
3692	3584
4340	1131
4125	1864
4736	495
1061	3896
1019	1930
3846	3668
4557	223
1880	2673
4905	556
4212	283
4961	1575
1664	2528
3496	42
2545	4781
3517	84
1943	3707
2407	1645
3482	1917
260	366
3138	520
1756	731
1660	943
4146	1990
744	2842
2946	3730
3375	2459
4101	816
2914	190
2346	2905
4366	3090
2816	3512
4916	4007
2070	3355
13	2534
2483	1830
2130	2335
2593	2908
2657	4444
2299	4372
1899	4864
88	4596
3291	2450
2432	4220
1977	276
1507	1817
1949	4907
2969	2892
71	3010
4092	3294
3298	3311
49	4667
1601	674
2302	3313
2545	2510
1029	3371
4439	1453
3790	3078
939	2892
3659	3231
4985	1112
3237	2438
736	4899
909	2900
3924	3839
916	4101
846	2094
4227	1529
3331	147
4479	3709
4793	4505
1436	4208
1206	3807
1946	413
4219	3308
4365	4253
3670	700
2350	3390
2085	2479
1231	4475
3006	1050
3300	2225
3108	2229
4629	1492
2043	944
2248	1388
2252	3875
859	2287
1565	3520
2599	1884
1408	207
128	4185
443	1054
2481	2490
551	1683
1956	3303
1066	2343
4671	3952
4440	3601
2554	4983
3462	3156
4133	35
2735	2662
3111	244
4711	838
1640	2456
149	2424
1136	4321
3533	1281
3497	2768
4027	4650
3871	3522
836	2795
3689	2797
4382	1989
1615	4744
1704	627
4122	3437
2404	2046
1979	2771
481	4980
2859	108
3646	3669
4634	1999
3848	3401
1844	3451
436	1217
2173	4186
1632	3152
4405	4301
1771	3302
1519	49
3645	1834
731	1166
825	4216
4163	224
1776	3910
1499	1660
1391	3959
2258	4681
544	2051
4725	192
1054	4811
4394	817
2465	1060
1513	3275
4170	1392
4007	1432
3033	691
2836	91
4770	2680
3597	4879
3942	1185
3820	4005
2221	4621
1099	4889
4136	841
1279	3106
4445	406
3329	4308
4509	810
3192	1428
4599	2910
3018	1495
2111	339
1930	3927
3145	4322
4787	2987
1183	1831
4226	4178
3947	3521
65	4052
206	1385
2192	3917
4190	124
846	2215
1494	742
806	147
1823	1565
125	2987
4748	1855
607	4439
4460	305
1601	3002
1409	2070
3393	4432
2333	216
4025	2214
236	733
2107	1046
3300	1849
750	2798
2577	396
1735	2972
3469	1432
955	2432
724	938
3832	2974
814	1018
1020	3654
2974	3064
1261	3314
703	2285
3375	4628
215	4595
4252	969
2299	4954
229	1053
4897	3961
3519	3508
2045	3189
3769	3442
3411	2232
2378	4593
4707	401
4623	4277
403	2699
1026	4173
1062	2925
2614	415
3666	1391
2335	4408
2232	4563
894	4784
492	4951
1674	1670
3100	1158
1730	2349
2541	2565
4039	4290
2632	945
455	3369
4300	4906
2052	1835
1381	1084
291	3806
2035	603
55	3801
2685	1992
4222	3891
3844	4764
4228	4967
2500	2055
1923	3925
2789	878
2972	1760
2296	95
3975	1015
3757	1610
2431	771
2641	1502
4433	2972
1796	4268
4370	4112
152	1020
2528	4825
3254	4755
3985	1762
3155	1718
1584	3070
152	3013
4382	2301
3799	430
1684	1715
1729	1813
999	3846
4612	3646
981	3733
2034	3703
835	4232
1125	2100
1233	2856
142	1912
3045	4979
37	4468
1204	771
3602	4960
2991	1397
3218	2068
4778	1881
77	2769
4280	4739
2468	1904
1890	3980
1857	2478
4054	2421
1622	1988
1532	4778
2167	95
460	1847
2220	2360
1611	1850
1422	2434
3093	3836
1899	1266
3588	1525
3517	584
3550	403
4708	210
1773	2151
1236	3415
743	1516
2529	3607
3542	4564
2527	3644
2146	1505
2414	980
626	1029
4178	134
1026	1751
1816	4775
2591	611
533	2504
2109	2860
2449	494
1785	3584
4672	2101
2362	1416
3249	4450
1202	4459
2528	3316
1635	3526
3094	1613
3285	2274
1008	587
2476	4777
685	2269
4310	3118
4552	4980
4561	4969
1918	1649
1643	1468
577	2669
2252	3510
2803	4392
4413	3473
343	4585
3620	3353
1	3615
287	1859
4317	890
1254	4135
1380	881
2845	2660
4788	585
3191	2815
4943	3134
1718	672
2667	1577
855	617
4778	566
2523	4571
2223	4761
1447	1078
481	3549
2181	3765
1973	4872
195	1252
2883	4582
1017	4048
2339	1785
2977	2617
1016	1794
4487	4678
1538	4878
168	2925
1202	3536
3287	197
1654	447
2409	2010
2436	3188
3250	156
3715	2746
4361	2349
3757	3898
3766	2637
3258	1673
3964	1420
2222	4801
3354	4187
1897	785
3851	2687
4607	1474
3053	4603
2726	295
2927	168
4869	623
1139	4716
4669	1163
3771	2285
1215	2766
2055	1104
524	3726
2013	547
2980	2438
3250	1115
4574	309
3860	314
2790	3751
2954	4520
1044	4053
3283	3573
3097	3891
2403	129
1709	775
612	4776
420	2497
3977	3997
4335	4587
4326	3778
2654	3622
2003	3593
4995	2262
167	4235
818	3475
4969	1226
332	4070
90	3812
1099	3652
3519	3823
992	546
4634	931
2616	573
4471	537
3061	3588
660	462
1624	4245
4554	1091
220	3624
393	4445
4383	4444
4816	4596
4554	924
1417	1994
3935	2846
930	1097
2929	2272
3008	1041
3903	3031
1838	1134
355	1517
3236	3882
4279	550
1179	124
3671	4271
1300	1580
3105	3796
3480	1665
2625	981
4106	3850
953	940
1017	4629
3734	2389
266	1455
134	210
2458	3641
93	4898
696	2267
2230	3166
3305	3071
4350	1128
4389	1165
2885	568
1399	4479
118	364
779	3240
414	4211
4231	4189
4409	4806
3524	112
3807	1611
1230	2245
1646	872
2942	52
1465	632
889	1362
3894	3973
393	4195
4686	2115
3985	680
2485	1797
4302	88
2609	4670
3209	4503
2255	4261
2369	3232
3033	4942
2646	3392
1107	4753
8	3673
413	882
3606	1351
2451	2028
1234	603
2648	1026
329	3801
2162	4628
185	4960
2230	562
867	3725
4820	2064
1743	1892
1949	3454
823	421
3785	619
60	3303
717	3566
2660	2555
1161	432
4006	3240
2408	849
20	350
4488	1901
3326	2657
4106	3619
4896	596
419	4114
425	1103
3753	176
3964	4567
1297	2145
1836	1665
2981	1688
185	595
2116	3317
2407	2854
97	3531
4077	4835
4269	1837
2563	4225
1423	3828
4412	2624
2458	2375
3867	2558
2888	840
2634	1164
1706	4303
4862	3668
2393	3677
478	2897
3439	15
4794	1826
71	4045
4001	2940
1683	1486
1458	3915
4619	2314
708	2941
3147	3380
2097	2452
3894	1945
1925	1254
1127	3961
1813	1227
926	1113
3026	2634
2383	1507
4564	4711
3446	3891
4403	2637
3303	4262
4185	1316
4514	4433
1228	2783
4547	4083
3983	4862
2663	2928
1360	2059
139	4860
1884	386
2807	2712
4519	545
1784	3115
512	3082
771	3544
3880	2506
3812	1528
355	3983
2054	572
4687	1698
358	34
3609	1142
3408	761
3952	1093
4923	674
4433	390
752	37
3729	3644
757	277
753	822
4561	2153
2579	286
256	3472
3051	641
1901	2168
1433	1490
2455	3187
3139	2995
3036	4599
3272	769
4947	161
1855	994
62	2989
2965	1678
4292	4076
4861	4535
3804	1458
713	4583
2269	802
4591	3533
1139	3537
4416	315
755	3516
3738	2902
296	975
3324	4611
3622	4980
33	2139
4292	2019
1966	1011
3431	388
2262	3594
4553	1550
1062	855
2136	443
2650	4047
3714	2162
797	384
118	1896
144	2421
3806	4037
1970	1527
4978	4063
3309	1452
2974	3365
273	4502
299	3793
1562	2058
1666	2746
2957	4620
1900	2333
4120	3436
3248	4392
3366	1359
4764	564
194	4604
3380	2812
2555	2640
2481	2958
3622	873
1320	2356
4610	3676
2771	3207
308	4828
701	4170
1482	3528
2343	3470
1221	863
1440	4463
2999	2754
2841	1202
1108	622
2526	4745
4102	4420
4288	661
4048	4351
3735	159
4460	2426
4805	2819
144	4723
1894	4521
4098	3544
2379	1289
748	3436
1326	2170
3212	1094
3912	1008
2202	1471
182	848
3748	182
4698	2777
975	4249
3086	2232
3475	298
723	151
1465	148
639	4836
4905	632
3437	2810
579	736
1951	350
2935	2559
782	1792
1129	4284
3642	364
4644	3833
3517	4868
4039	3164
2305	3052
4484	3137
1794	3081
2237	3274
886	2207
4722	3964
1425	1901
2013	919
2478	3991
3399	4842
999	4488
59	1016
1109	2866
3800	4291
1899	2140
516	1059
1749	2838
3163	1547
4062	2628
3479	161
1095	2253
4881	3696
1635	823
2614	1852
4607	632
3510	4905
3639	3859
4709	1335
1387	3102
3092	3078
3529	252
2882	1331
4013	1075
2067	1708
2651	1460
675	1806
2572	259
484	1616
1518	834
4890	1403
2414	2398
1232	3784
2122	1317
4532	4646
4561	3275
2933	1119
1339	2464
4069	4894
1141	3519
3329	3608
2732	1005
221	1716
3491	4300
3588	7
2752	3028
1285	4240
1160	2429
2114	4997
11	1187
3450	4961
3450	782
1918	4251
4021	1028
3593	2387
1713	3038
4008	147
1430	3740
2073	3063
1759	150
591	1091
3595	3632
2843	4544
1632	4424
567	395
143	71
4597	3962
650	674
4020	628
3210	3149
3266	611
734	955
109	3248
4221	4083
1619	476
3980	1410
4409	3327
4467	4130
3240	4823
2922	108
188	2334
794	79
1407	3399
1630	3044
2291	2391
3983	4429
948	1821
1159	4394
11	3677
917	2712
455	1943
1919	2375
4493	4646
3414	2614
3249	1048
3571	749
4533	2473
4359	686
958	540
4072	4856
3758	3151
4264	2170
2531	2114
1464	2777
3455	1788
1017	3534
441	4410
1811	3687
2192	4437
2614	896
696	1599
4254	4838
4637	3241
2540	4328
3660	1196
1391	626
1649	4866
2137	871
3443	2672
797	3146
3588	3467
2423	3137
4901	1259
3068	4503
702	3273
3304	149
2082	4952
1671	1588
1993	395
3091	3465
4663	3107
4652	3493
2993	3235
4645	696
3256	642
3283	3986
1735	3756
4921	197
807	3598
1182	2458
3065	36
1744	1359
3875	4160
2906	586
156	537
913	2317
3089	414
3396	3382
3954	4245
570	1793
4407	4621
3557	3532
3059	676
1500	1543
4459	1542
1374	2302
304	3275
2242	668
1815	611
4764	1325
1682	2976
1114	4001
1096	4152
2444	960
1487	2078
98	4686
4018	2084
103	3741
2653	2271
915	4401
1797	2431
4143	2868
4757	4290
1354	463
3011	2412
2632	1313
177	188
1817	4759
2119	3174
1776	3688
1789	1672
4290	708
2134	2764
2118	3753
1577	3713
3084	2601
857	510
214	427
3148	1461
771	4412
3873	2743
3786	1634
2666	193
2188	3061
825	2571
3754	3610
3711	1841
2917	3093
3464	4384
4173	4955
618	2230
3305	4082
1971	302
4269	1309
1346	3071
4626	2847
1662	4849
1703	1091
1964	907
197	2678
4020	4283
2888	3994
1674	1155
4801	2455
4178	4468
2928	544
2652	2218
2679	3992
2944	2396
250	1319
3587	3542
1019	4789
2407	109
218	633
832	1278
1961	2390
955	2099
3061	2307
1785	2619
576	4933
3169	4381
2308	3444
3132	2513
3170	4223
4674	4683
1384	780
2706	581
2425	1672
1894	4511
1399	1767
4789	2230
1227	1025
2834	598
3117	2042
3809	1117
3367	2835
4714	4030
1947	4666
4710	3030
1565	4475
3926	3303
1372	3657
243	4263
3978	422
4929	1980
562	3370
3876	1558
2321	4659
1316	1193
2213	1282
2157	3165
4314	2958
4647	4748
2219	4215
3101	2751
4974	1800
3025	4581
2064	2850
2020	809
4272	1466
3066	1383
2296	318
908	2284
941	1321
3791	2239
815	4304
154	1863
1820	1040
1598	2
3192	1359
734	998
4271	3819
341	1944
4594	4842
1822	3568
4048	4744
1559	1877
4444	919
2735	82
3420	2446
4534	1524
530	2496
900	503
1475	663
4969	2652
2740	4333
284	2897
437	2455
1231	853
2942	1598
4215	582
101	4180
3834	4225
930	224
1097	397
594	1021
469	661
4159	1677
590	1248
3057	2053
1502	4375
2245	2654
3291	4882
3843	4992
3004	3583
1766	2626
4107	3552
2605	274
185	2624
1190	4029
1631	1930
1610	3116
2688	501
1764	3612
732	712
2683	1968
2359	4462
4678	4677
1777	3574
3727	1314
3574	3370
4920	1586
2197	1898
3474	2919
1822	3445
1965	2812
1917	3043
4114	3519
1627	1161
3028	4329
3635	2081
1500	907
962	1734
684	1008
4119	4577
4259	4969
4563	4891
2407	4009
3538	512
3553	4629
3479	3668
3938	1351
2686	4957
2884	1520
2722	3476
2787	943
1383	369
1002	4515
3642	290
2049	3152
700	3823
3508	673
4837	2621
1008	379
3453	2206
158	4410
1094	4754
330	2347
1718	4212
3757	2572
593	2362
982	2331
379	2858
2591	3666
2930	1614
2763	2084
4210	2900
758	2807
2682	3773
1181	454
3739	1960
4125	2977
345	3498
3039	2611
490	2451
3040	3456
1412	792
79	3841
2083	913
528	3870
4896	927
4222	3398
3501	572
901	3054
2468	1406
468	2404
2168	2753
457	910
4595	2920
207	4604
4326	4944
4507	4007
279	545
3964	2740
3373	4690
2369	3097
1943	1776
1668	1563
626	1931
836	922
4953	4285
3856	4553
4975	4959
2663	3573
3000	1489
1453	2306
3541	1830
4304	3837
3006	4522
777	2169
4570	2857
485	4185
4250	4750
323	2935
1412	4556
2408	3815
2484	2444
1718	4235
1300	4204
3267	1259
1555	488
350	4728
2684	2824
1020	4262
333	422
4513	2180
1032	4274
2434	537
1551	2796
318	3805
4768	2029
53	929
2016	2746
2417	1124
3444	2262
4489	4746
1594	3906
517	1059
4286	876
3259	1982
1425	3690
1391	3872
235	4681
4290	2341
3545	4590
2802	2754
2282	672
1055	220
4803	1360
1949	272
3818	55
3749	1496
4464	4170
1246	4391
2600	1980
609	4857
4388	3177
1874	2914
1062	2234
2706	1090
1724	4105
4849	2369
605	2298
793	3508
1592	1781
1086	3396
2971	3820
562	3200
3529	813
1213	191
4141	2725
1993	252
4315	1479
3795	622
1710	4808
4118	2722
3356	2816
1361	1879
4261	720
4785	2638
34	4762
4961	1620
1067	1369
2037	2206
3833	3630
903	3768
922	1164
1192	1418
3626	1769
3448	4959
4383	4265
2265	555
4989	816
3597	2672
3815	3724
713	3365
3423	2845
3265	2828
3013	690
3818	526
3140	657
2174	2198
3602	4059
2858	2926
3838	3226
4948	858
3603	3143
440	3591
1891	4620
3754	135
1351	2467
3069	4485
4874	49
2610	471
414	2835
2741	4197
1046	2403
2897	2820
162	167
3811	3071
3969	798
379	1810
2673	360
4879	1916
1066	233
643	3922
904	921
3859	914
2839	4259
4785	226
2985	2424
1417	3333
2299	4951
3721	791
4494	2724
3198	3958
4432	2618
4170	3613
91	1758
2882	989
3318	1682
3836	2234
2023	4090
1189	4840
2474	4374
4056	1217
4091	268
2643	1724
1711	4858
4924	4554
384	2429
513	4648
1464	4041
4468	2901
2773	1422
725	3687
4835	1443
4729	4542
167	1689
4057	2180
223	3799
4965	3735
4391	909
4791	4285
1518	2383
4037	3611
1903	1400
2470	3618
835	3400
4285	2430
2884	3252
4819	2876
1061	3225
127	3720
1589	596
2721	216
2370	4512
4036	2065
2722	4437
2561	2700
1276	1642
432	20
1469	3688
3282	4798
887	730
3290	4797
1460	3020
89	922
496	823
3281	4453
3164	1942
2441	138
3695	4904
3047	2730
623	1066
4125	405
3725	1672
34	4089
550	4344
552	3890
4430	100
2069	606
4704	1378
4707	2019
4840	4209
155	528
889	2794
3879	3053
4562	761
4748	1215
3691	798
926	3332
2909	3060
4941	151
4120	3294
1454	4065
2958	321
2989	2373
4372	1122
157	4037
3657	2636
3146	3798
1031	4781
373	3605
4055	151
3775	332
913	2326
2929	534
3544	2507
1704	3282
2604	988
4398	2479
4977	2909
4331	4637
4069	815
3323	3851
1735	915
432	4459
2651	948
536	718
730	926
546	301
142	2847
1522	1917
3179	4048
3148	4886
3544	1447
2469	1584
581	2893
2516	2643
855	1319
5000	2057
2319	1771
83	1514
1424	4553
556	1348
4695	2523
1595	477
1013	4803
2997	2215
4248	2927
3863	3558
3576	4099
1407	4489
1493	1588
4365	1690
2893	972
2449	2532
4923	4607
327	3208
3891	2457
2093	12
2434	2402
3941	2793
763	2327
4429	303
3924	3837
1532	3183
1751	988
3407	4580
2476	2095
4194	55
3764	852
1482	3254
2544	2516
390	2233
3544	448
3662	1449
2015	2469
2124	2252
324	2182
4447	4625
1563	3974
1919	364
4258	206
1010	1495
800	4465
677	822
4039	697
2998	3333
4394	3941
1566	2664
450	0
1668	4750
99	4331
2525	3323
2779	3998
2751	1801
4354	4236
4172	3963
2644	2805
1677	3237
3540	2774
2884	1747
187	2896
131	2108
862	3118
1266	4914
1365	83
331	345
4864	1405
2227	1498
340	1890
1153	4988
2043	2413
2200	3685
4386	3637
3521	4106
1995	3219
4850	921
4259	1733
1875	1879
222	4100
2175	1467
4326	4638
1799	1149
3851	2449
450	4805
444	3485
2681	828
2036	4637
1238	657
199	2154
4317	4722
707	1283
3379	1820
1316	820
1107	2586
4464	1386
2096	3334
2785	3577
4620	1855
4072	4779
2894	615
1311	1693
2074	4271
455	0
2787	3929
3568	2415
836	562
1415	59
3444	1858
3169	3369
975	3353
3214	4141
4969	2832
577	1327
2397	4529
2572	2541
2172	2276
3920	4812
2993	1696
2633	2655
4329	322
4440	482
513	2180
3787	750
47	1669
4455	3888
4602	1929
1782	1072
158	189
1027	1251
3231	209
2369	4158
4799	4282
3860	3040
2154	1779
2271	298
3774	615
3660	1829
4809	2062
275	1624
1747	3850
2602	421
4114	860
4594	2543
203	528
4586	1090
30	1522
1556	1695
1163	2259
942	3723
2345	1020
3259	19
4086	957
4272	333
1776	2339
851	502
1985	1076
4309	3748
3097	344
3160	4703
3733	4814
1963	2641
1734	2247
1554	3470
3813	1500
1522	4898
4666	2135
2883	1078
3579	3736
1927	2151
2489	3599
4167	691
3439	432
3220	4296
1908	3216
2130	2731
2247	4282
3081	1426
2706	895
3797	2231
2776	720
4814	4745
2888	2393
1738	440
59	2851
3797	3997
2226	4566
891	4108
304	3066
3164	3311
2766	2024
3662	2328
2470	4650
3289	610
1560	4171
1123	1564
4328	2188
3787	4860
4744	2236
971	1188
3321	1971
1183	4028
3613	2052
1171	1900
224	53
289	2267
933	3780
2046	1801
3109	1232
3230	4493
3274	2048
4470	1540
4369	4252
3312	4039
3446	1966
3540	4623
145	2724
4273	1176
2359	3006
3331	87
4700	886
3062	1009
4323	2608
3808	4690
2184	1544
1781	3543
212	4611
4564	2976
4840	2939
455	1157
317	1410
4544	1100
4008	4522
3838	3029
3067	606
879	1634
4670	873
2111	4542
2317	4665
4679	4216
4579	2743
2241	2532
84	2254
4984	2838
3520	270
796	3284
2659	2244
170	2256
929	1488
3195	3518
743	570
211	1368
3508	4273
2393	3260
2599	138
4615	3390
4346	3153
1591	1687
1036	2263
1973	962
2557	3145
964	4647
1242	1952
4776	4806
40	2498
211	505
1157	1909
2979	1926
314	1475
3032	2120
837	503
3747	1009
1290	4858
3818	4598
4513	3329
4697	3719
1860	4607
3938	2593
2223	3547
3869	1546
2994	2382
2538	1817
2314	3435
4283	119
1971	963
1655	1486
3802	284
561	2772
2302	4845
1975	4411
4839	1728
470	1441
2159	2037
3819	4943
574	4759
2525	3521
1329	3934
3990	4425
4242	1072
807	0
1322	2492
995	2449
1275	4477
1004	707
3331	1527
1346	3396
1154	4753
1794	893
3756	4887
3363	3390
4562	570
1876	3446
4443	1094
2912	4654
9	3617
4908	4843
590	3835
3223	1407
1388	2774
4288	835
2043	91
2822	131
1894	3374
4176	558
3175	2176
1389	584
529	2631
2101	2598
516	2940
895	301
4530	656
404	3039
4424	4548
3720	1939
3401	1211
569	1303
1124	2822
2927	3837
4862	1757
476	4216
2794	349
3901	1386
1005	1082
2014	2603
334	3426
2268	136
3658	1235
4324	4333
1982	194
3521	3648
3381	3857
3555	2132
786	1900
1090	390
2143	4649
913	1392
563	2369
3320	4688
4763	1783
2850	3404
2319	2356
3790	4788
2541	3733
3592	4043
4451	1706
3087	4252
3797	979
3106	1653
2575	817
4227	346
69	4326
3653	2441
2814	2994
4002	342
4518	2011
3781	2467
1666	1696
1343	3653
1023	674
2133	3477
1059	1143
4622	793
2773	3197
1410	2799
2681	3272
3981	261
915	4064
771	3752
1621	2985
998	4240
2380	1032
3803	4764
1228	1623
4523	3311
75	4214
2509	702
2147	3535
840	1940
2665	3467
2391	3381
4771	2853
741	4003
1007	4811
3727	288
1622	4637
4161	3217
1063	1852
344	355
4752	712
1487	494
3103	1965
686	3498
54	931
2700	3465
3429	3161
3213	3387
1921	862
4494	4248
955	1091
2461	1358
148	3400
3190	3927
276	2426
4784	1253
378	4901
3031	4669
445	2276
2210	4814
4368	1730
740	3860
3828	4756
1848	1398
1600	2901
4221	320
4196	2405
345	4261
3859	2175
1266	3292
4151	342
511	2502
678	2763
4230	842
2937	4717
38	941
1878	2614
3756	3673
139	1190
1740	3425
3515	3207
3717	4862
3070	2916
1407	3457
712	1838
1384	2654
1267	1844
2481	3225
2416	638
184	3191
1377	566
2023	3420
882	1708
4201	1740
3766	1965
1053	4928
2686	167
1363	504
1844	2580
2059	2487
1534	2408
1685	4719
1134	392
1611	130
3389	4873
1338	690
856	3490
576	3382
4267	3816
2135	1897
4873	372
87	1608
3622	266
2266	4408
3636	3857
97	1538
2345	1530
4556	148
18	4974
135	573
3448	1641
1424	1925
4369	1453
2276	1791
3690	1053
1569	4012
336	2055
1798	3908
3774	2404
3407	115
2512	2031
4965	3175
4117	1295
1898	4650
2828	2827
1930	784
3142	2097
4445	829
3337	436
2081	2532
372	3272
2532	2664
4598	2818
2783	1649
4450	3880
4397	4974
309	3946
3531	1417
1391	1844
4979	3947
1639	2978
1376	2292
4241	527
894	3503
1707	57
4233	1520
4294	4284
523	555
384	3297
3308	3186
1542	811
3001	803
926	3055
3071	2220
90	3845
2465	612
1625	4607
1366	3935
999	4716
46	4589
3197	3850
482	3127
2972	4766
3987	2927
2594	177
922	4292
1823	1025
1271	151
817	2880
2342	3125
4323	2214
219	3232
3092	3934
2150	1652
180	1079
4729	564
4409	81
4591	2630
1608	4074
4583	1058
296	3196
941	746
3111	2869
3330	4838
2232	1259
3226	2135
2380	194
4667	277
4701	4979
2445	1968
1818	1058
3653	2295
276	340
3211	4617
4992	2387
1012	942
677	1128
4570	1872
549	1500
3238	91
496	4067
1288	2526
4707	4141
773	3998
4960	738
3672	4342
1055	3762
3779	4796
658	558
1292	2011
1583	950
1045	2936
2726	1248
123	1027
1738	3250
4096	3268
2685	4
3252	535
2675	1373
4407	4846
3545	1880
1449	1130
566	3402
2154	4486
335	203
2365	1464
3249	4807
4815	1876
1111	2776
3902	4326
1108	1658
4932	460
1146	2699
2035	326
553	604
4834	2003
1435	320
1173	4121
2844	2552
2772	4184
974	2560
3498	180
51	3634
3605	1518
4380	3277
925	4030
438	4289
2477	390
1260	1162
55	1838
3279	4511
3380	4695
3043	2614
2609	2990
779	4797
1549	3192
3381	4119
3239	2068
1335	1954
2196	1626
2417	2265
4782	1518
900	267
728	2960
2152	4735
229	507
1211	3529
4505	3408
4453	1470
447	78
3913	2680
4450	2520
3478	470
4223	3308
1884	2859
767	2083
3217	1018
4227	4514
3563	2779
2688	3316
3936	1916
930	2977
2713	831
4396	4992
4189	2076
4701	3156
4465	3675
1542	86
3982	1296
2016	1839
587	3411
4003	1135
1217	1346
1194	3367
1814	4470
4362	2463
216	4095
2400	4277
731	429
1986	2668
2262	4124
301	4925
4440	643
974	2532
880	4169
2133	4505
1602	300
3404	3225
1701	983
13	4816
3601	1447
1057	974
4822	2347
3493	987
1687	2270
3422	1816
4989	2963
4773	2260
4273	195
4286	2831
4121	4749
3426	286
3852	3675
3149	4740
2705	1172
2234	4410
1536	4364
4458	3419
2844	4413
1211	2222
1992	999
4373	1880
3087	371
4984	4613
384	1064
825	3163
1222	4832
1411	2259
1653	2451
1874	2469
4888	4518
2115	2632
1464	279
2008	4555
1863	2167
2872	4722
531	3060
1730	4192
941	2706
209	3797
4681	3094
259	2756
744	2215
4308	2276
578	3321
1240	4017
2423	39
14	2102
652	2540
1784	4337
4363	3862
4590	476
3234	1928
2610	4963
2406	2315
3870	3455
2025	4880
2434	3582
1686	1236
2673	1260
2957	841
819	2410
4146	245
3334	2009
4984	3336
3069	1579
3851	4311
755	2375
4691	464
2472	2847
4524	4026
1986	2751
4235	4739
3839	2084
4619	1901
1743	3703
1460	3790
4774	245
1261	2706
3887	4148
2537	4135
1196	3196
2173	3333
4697	3351
369	320
817	4775
613	851
1657	3674
2467	4379
2912	4988
626	3733
4664	354
11	37
806	4502
3420	2836
2004	3900
3858	2037
384	2632
2003	668
350	2729
1281	4539
1945	4606
2499	4227
4910	3500
317	619
3297	4377
520	2392
1145	1456
3597	786
3590	3193
3650	4150
3819	4980
4167	901
4366	4690
2298	1320
1989	1336
1686	3030
1123	57
4002	4004
3519	3703
4758	3208
1749	3742
3737	1434
4694	4253
4197	1976
4539	4314
4772	396
1239	736
1724	556
1490	487
2038	4789
1721	1793
2756	4341
4339	4733
872	4332
2295	1201
505	4462
897	2232
1568	352
4867	2270
66	1420
240	2292
2086	3283
1444	3965
2302	1725
1663	1108
162	144
4656	951
1575	3267
3054	1548
3311	638
242	3742
4106	2296
4880	4996
1963	3012
4460	3854
3421	793
4386	2557
124	3293
4078	1102
640	4981
3593	2731
691	4036
3573	2231
692	861
3888	2203
4020	206
188	3697
2814	899
3367	372
2180	3068
766	3978
556	1197
1620	4952
1209	1768
2961	2768
3006	824
1294	465
1205	4556
868	1867
3822	2695
604	2638
1531	2504
4793	342
2232	3979
745	349
848	3003
1363	1525
4946	738
819	4864
1731	2830
497	4374
924	3786
2639	4058
2860	3574
1	466
2233	3172
2382	353
2832	401
4405	4314
3340	2819
4227	3403
4635	685
3032	1724
1419	684
3810	4962
92	1453
2954	3213
63	902
4362	2850
2948	3429
3271	3589
2154	3913
2092	2304
2918	3835
1572	2848
1407	3392
3889	3306
1616	3078
2498	2306
4148	4176
6	2883
1688	1496
2088	4792
3810	3265
1115	3013
344	1294
452	4291
2043	3721
847	2902
2411	324
1586	1533
2515	4094
678	3022
1556	3402
291	3739
2176	266
531	3581
2197	3532
3583	2283
378	3702
3541	383
2021	1947
1579	4397
4002	4386
4461	2057
3449	623
1979	3044
4278	3480
4598	106
2348	4638
2801	1964
1883	3222
2724	1285
3829	3459
4947	3459
4465	3074
421	2875
4871	922
1416	2201
1931	4005
2938	1963
1228	3392
2515	1729
4980	4571
4510	716
3897	2701
3790	2496
1986	4047
1565	3815
3142	2795
3464	867
1101	4049
4950	791
2114	4709
2135	3906
4232	3449
4561	2586
3130	2979
3726	4769
3791	914
1218	3359
4530	4202
456	3667
2767	1322
939	3391
4514	1102
1714	2479
1874	1198
2669	4813
1906	3226
2796	125
975	744
1679	3184
2413	1484
944	3367
3069	163
413	1790
241	3067
433	1898
3793	4666
4930	624
1533	2802
3685	2060
3618	4926
1357	139
4178	1508
3267	2485
3428	359
4320	3882
42	2591
3229	4448
3481	2519
4315	638
3764	1068
3623	3273
313	3061
1789	3240
2701	2474
2101	5
1923	365
2579	3299
3199	1903
1424	4879
4273	1081
2798	3692
133	1569
3737	4807
808	1421
1409	2188
1077	583
500	4850
3156	3492
233	2034
3148	1426
3918	1607
200	3342
4123	3226
2141	3200
199	4286
740	4476
2496	1818
3530	1501
1745	2528
572	2071
3931	1706
4488	337
3078	4172
1087	4870
1929	4801
4455	4519
1757	4437
4517	782
4343	3788
128	3897
3317	4478
3000	3825
584	4064
4596	2575
3815	3968
3811	450
2100	2989
3163	4175
4392	3496
3278	1853
3609	2915
1298	1899
260	2620
4407	4529
1334	2197
3995	656
1412	244
353	543
3034	3338
4657	1251
1344	835
3096	306
161	3929
2512	3348
1301	3996
3027	3006
503	3570
2953	996
1504	4943
4433	2434
1698	3609
2123	1168
4953	4363
3220	528
339	1740
2019	1005
233	131
3216	898
3757	4466
3332	491
1635	92
1060	2108
612	1571
2295	3421
3166	3786
2271	3686
4279	2412
684	2869
784	3880
3860	3937
399	2562
279	1729
1524	3126
3462	23
3173	4563
1563	2522
997	4402
2364	2844
3559	842
2105	3074
1144	3834
2013	4641
666	3762
1018	3243
1821	2238
2773	2605
529	2111
3744	3820
4302	16
110	3860
2500	106
2385	221
3103	828
2199	706
4322	883
1827	2679
1708	4434
3576	2006
1591	1934
2665	2318
2133	3417
4899	1825
2581	4153
732	2681
2540	3740
508	3734
79	3818
3993	1326
3708	4190
2818	569
2489	2546
2449	1240
1868	4319
3147	3826
1457	1094
4820	4051
4762	3822
1371	3833
2593	4170
741	340
4328	3294
3173	1585
2570	4382
305	3435
4138	1235
4479	3375
2353	2939
3599	2098
2797	100
3514	1593
4709	172
1968	4900
1825	3872
656	2944
430	1247
4912	3297
64	3211
1788	1944
1775	1251
1451	4590
164	2264
2053	645
2029	338
3888	2311
4180	4293
3138	1254
4382	166
3473	1295
2631	460
2550	3756
4378	4773
4544	2892
2070	4422
3045	3848
3621	1710
91	4493
3598	2767
1037	410
4906	242
641	4125
4972	3063
1734	4662
1145	4190
3291	231
1494	1941
3322	582
3425	3350
4251	2441
2232	1035
1501	4917
1230	3905
4167	4347
3420	687
4989	144
4172	3609
1110	871
2136	1325
1210	1677
2225	4953
3105	3224
2636	4399
591	4837
1374	3407
3579	1893
4305	2807
2734	4299
1230	2393
4393	564
3266	2737
72	987
2782	4466
4427	2249
2270	2852
3930	2174
4067	2283
176	694
3827	2207
3825	123
4478	4732
4621	4658
3828	1637
7	2781
3498	3986
3454	2925
4268	3651
4786	2225
1636	2408
451	3103
3496	1919
3091	3838
1634	3888
2668	3478
3065	2280
2404	4860
2372	3281
3629	3318
1647	1466
2865	4599
606	1648
1570	240
2902	1377
344	4332
1715	4888
2595	3869
4308	3602
16	3376
91	356
4281	1810
752	615
117	4262
4293	2801
375	4388
3804	3137
2769	471
301	1527
2409	1011
668	4118
276	1344
1311	1270
4839	1408
381	3322
861	1353
2721	3387
1363	2920
4094	887
871	907
2117	4674
1926	3312
2753	775
2556	4487
1620	2779
503	1992
4594	3054
4468	3147
4923	326
3947	435
4686	3682
2535	3557
3393	1377
2437	275
3758	1148
22	3727
287	2382
2943	686
2641	1903
214	3716
3750	2135
4287	4869
2276	13
4180	319
900	3964
595	2762
3005	967
4249	984
4983	3769
2100	1719
451	2051
4495	1408
2847	3795
2558	3835
3616	2597
2849	2609
2048	2081
1718	2317
983	1641
1367	4312
3445	3044
1106	1193
1125	3524
711	3653
3973	2225
3684	3448
4307	1128
1348	2968
3714	4963
1831	25
3450	438
1731	4043
4101	1475
2736	2581
3997	4587
1008	4244
3779	4554
4325	2044
810	3453
5	3041
4258	1499
1697	3818
2289	1989
1083	4523
531	252
3326	1390
882	3565
2111	1646
2130	3435
784	199
3323	3017
4902	493
2681	4802
1520	1095
3808	183
2576	2935
1296	4028
2214	2458
2464	1064
616	4990
4879	336
854	1485
342	2407
65	1053
4362	2955
644	785
1389	3486
754	2087
1932	2207
3719	3038
4907	1814
4083	2836
4940	2745
2921	1914
78	4789
2469	2557
3770	3548
268	3554
4329	2919
2230	3269
578	2736
1262	597
3703	2671
450	2248
3207	703
4653	3134
4639	236
714	444
1673	836
1228	4328
2654	2727
1344	1988
4383	4428
4604	3673
823	4513
2145	1545
1221	3622
3547	41
102	4639
1321	2841
4927	4492
3968	2234
2255	1319
3778	1563
2403	2034
156	919
956	2754
2309	1214
3203	2916
809	4119
1060	3426
4902	3607
3256	3369
4919	3032
1820	2859
363	4577
4671	4364
626	2662
1057	1571
4046	444
3727	3663
1348	1499
4108	283
3254	648
3393	4527
1105	2150
980	4829
289	913
2422	2733
1653	2454
1343	4453
389	3938
1972	1713
1864	2590
3176	275
1730	1324
689	1695
978	1520
441	3069
2089	838
3054	4691
1054	2260
3451	1046
4647	155
3180	702
1506	136
4425	1492
2362	3561
1954	880
3413	1550
4825	1755
802	4734
716	3565
360	2131
3041	2484
3729	1491
1589	419
2269	4116
1997	554
2571	1795
2222	2176
2370	2504
4895	2225
3318	2466
4476	2973
1623	4571
1942	2296
3003	4727
2165	3279
4587	1950
1015	4429
2642	4788
602	4378
346	2746
3822	917
3273	2178
2911	198
4857	2524
278	4771
470	3912
3182	2876
368	1503
4012	1653
1192	2635
3759	2640
742	503
1279	3876
1137	1820
1147	3598
3913	4418
1226	338
846	4999
4643	3750
4563	4199
2360	2219
4540	2168
3165	3689
1341	384
1927	3278
4149	2149
3919	1531
2911	129
3901	1475
3737	617
1850	4089
2557	576
4614	1541
1069	2148
4079	4274
4075	1469
2363	599
1047	1901
13	3000
3593	2873
1315	1024
1790	3770
4224	2029
2584	88
661	4617
3526	3236
2451	232
2091	4360
3764	3987
2938	1334
3055	3175
3847	4674
1049	434
4992	4188
4233	2533
1994	486
324	1855
2112	3150
3711	3451
2214	1312
1228	1895
2413	4860
4571	3191
4767	3831
4473	2063
4033	1617
4310	2642
513	594
1016	337
2028	4737
2469	1387
346	3851
3814	853
438	3524
3656	1103
3349	2534
3492	3515
2416	4651
2069	4090
1293	3184
2513	4725
2495	296
249	1901
2725	2225
403	679
864	488
1927	3064
1126	52
1062	4536
932	1913
3190	158
3729	2060
1930	4032
2637	94
806	2165
912	671
664	170
951	1776
3163	45
1193	3076
4725	2689
3896	316
104	3094
2178	3814
4462	1588
3399	353
1221	524
2205	800
3362	1563
1024	680
1234	4436
1653	2752
4827	3433
701	1428
4841	1582
1767	790
3652	2754
1382	1818
2871	2498
970	955
1747	1236
1658	3191
1610	1301
4383	2005
3440	2575
2635	3846
1740	1835
3512	3063
3332	3487
2854	2913
342	1668
3148	2459
2379	390
1144	4365
13	3329
3513	689
1370	532
2489	4416
1409	1773
4321	4023
536	1257
820	1484
232	782
861	4504
2096	967
4309	1187
2639	1363
4396	743
1470	2642
2617	2962
481	4629
2604	2355
1117	2105
2633	2808
3173	1447
607	586
4415	4876
2310	182
4307	4048
4680	1960
676	525
3806	4094
1703	806
3131	2086
1832	4569
4261	133
1172	355
3967	1125
1121	1910
412	362
466	1225
663	1530
543	2900
1990	3391
3177	311
3604	3674
1866	38
1469	1533
2699	4179
4764	3852
4103	4688
3441	3481
3405	1895
1310	1260
2395	416
4880	2187
2437	3206
3595	4163
541	4814
4694	1787
2365	4621
4670	554
2744	4029
3951	1733
1046	2988
4716	38
4390	1498
3839	2355
1166	2956
101	1978
3941	1898
657	487
106	2849
880	474
2734	2101
3164	152
2868	2695
2058	356
1952	4895
1591	2801
925	2623
3959	2662
4553	2795
1574	2887
1227	944
1199	2237
1621	1224
2865	4737
1316	3551
2226	4170
3556	3110
1548	3384
1601	4362
1884	3572
2488	1455
3065	566
3891	1286
1193	1738
2900	1888
1671	4305
4513	3814
4561	1359
4773	4695
4654	2990
232	4925
3573	4375
3404	3308
592	392
3328	4752
2695	4606
730	4490
3401	4936
1061	3014
3350	917
2123	2540
4600	2804
2971	3825
1039	742
1891	3778
3459	4090
4017	2013
2852	1989
763	2196
2038	4283
1047	3430
3369	2359
972	3659
836	4586
4743	4555
2193	3067
4002	820
4924	2100
4462	2847
4661	1949
2570	3438
261	1016
412	100
1533	1224
2531	2368
513	150
1903	4784
2652	689
377	3574
1629	2185
3356	1737
727	2065
1885	2435
3247	4375
4630	1722
4766	1825
4045	2414
2174	13
324	3286
402	692
4930	3351
166	4029
3463	1481
4757	50
660	2328
889	4297
4857	108
3404	737
752	2101
286	3175
846	656
2400	220
2658	4854
4388	28
782	287
3712	4262
3307	2298
3799	4043
2265	7
1063	4941
2091	1340
4186	1693
4673	1544
4660	561
999	3271
579	4544
1251	2027
2781	4867
4900	3083
2195	235
197	1835
2690	2689
4281	3807
3506	4077
1913	4261
4352	2126
153	2254
2886	3122
4160	1
26	4396
4398	4485
1444	2408
4104	4096
2161	1571
1502	2536
605	2323
342	1653
3229	2848
3810	4018
1099	4631
3332	3126
4962	4545
345	1507
672	4892
4387	1066
3276	2198
2297	2969
4397	289
2233	787
634	1007
702	2018
4600	475
1989	2683
1590	1393
3272	2470
3276	2556
1437	568
1778	1115
1185	4647
1085	3374
3550	3769
604	3011
1124	2441
3169	2823
4148	4248
1210	1379
487	180
4943	693
93	935
3463	1416
2017	3535
4707	1217
4513	3877
3380	1278
4396	620
4496	3453
788	1184
2735	3583
4187	1929
2307	776
1594	3363
798	2275
3133	4490
2463	390
218	1895
924	3943
2112	1674
4491	4938
4340	674
1187	4912
1950	2169
557	1653
4450	1541
416	2854
4299	1908
1962	437
3378	1111
3266	603
4260	2089
2082	3001
2745	2253
1931	2571
2536	1266
4184	2930
2393	132
3716	756
3003	4423
88	2913
1219	4474
133	1589
1062	110
4599	3421
2789	50
4938	3672
2696	3005
1542	3132
2910	134
3110	2393
2599	3787
1503	2102
4500	117
1604	2366
3623	1780
1622	286
3468	4948
376	1119
1153	588
3856	2594
1018	3398
1234	1773
1340	4720
4870	2672
2684	654
4154	4764
608	2394
2347	2993
1442	3562
4428	3946
2766	2571
905	2744
3825	4751
3262	2767
2320	561
3432	1521
803	4913
741	4541
1542	1528
3375	4876
2543	377
2931	960
2175	4258
1744	4593
4079	3991
2491	3829
1452	1601
2896	1442
3780	2063
1706	2611
504	113
2707	4230
3900	1405
1784	2358
1585	3881
4092	2794
4668	1699
1125	321
1608	3960
2171	3096
4294	2975
4572	1353
2373	4537
2524	857
3164	2528
4522	159
4603	4673
1998	2132
2442	4175
3719	171
3281	102
4273	3095
623	1536
1947	1339
3343	1927
3086	1970
3300	808
4570	4100
2165	576
4843	265
2427	1894
2200	3309
4495	2637
756	1680
4920	388
3021	825
1322	2691
4810	3838
4395	3180
2690	4939
4168	4748
4199	428
1572	4101
4258	3649
56	201
2056	1853
3373	1253
4265	1290
3046	3887
1481	934
1603	3230
3568	4586
1681	3061
1052	2908
3693	3811
2742	3531
487	2954
4002	1314
739	3081
3024	3860
4178	4864
1407	2290
2703	3032
1777	2523
4902	4405
98	2937
519	2146
4946	3052
3992	1551
3906	533
2544	1936
1035	3489
1912	4197
3921	3880
1692	4746
4671	1329
3311	3522
3477	4292
1421	533
3292	4515
1689	2715
4337	1526
4095	3611
1848	3433
4060	3709
2800	700
2433	1433
3676	1224
2063	3898
3154	4625
4524	3946
2972	252
3179	682
1333	166
3690	2678
29	4630
757	2828
2773	2056
2847	4279
3126	3039
2105	1444
2707	2350
811	4696
351	1740
4344	3172
1409	2898
4814	4518
2108	2577
1290	4013
2515	3469
330	145
849	1128
4796	1324
783	228
3373	1425
2055	1433
3299	3016
4781	127
4907	1730
86	4849
2759	1935
4088	1446
4855	4570
1673	269
2272	3462
267	1004
4875	2520
3732	2653
2420	4984
4	4758
2314	4949
3152	4267
2414	4915
532	1666
3317	364
3494	339
2168	1992
1869	914
2171	2346
1167	2043
2698	882
1506	1864
614	4136
2066	826
3143	3091
657	442
4892	1142
1829	1962
2927	2867
4732	3909
3428	1864
2618	4735
343	4355
2587	3626
676	3954
1756	2623
3570	2923
2019	1405
2097	3229
4735	4929
1971	1106
3170	3307
1447	305
2082	3168
640	252
4967	1073
684	4035
3072	247
2296	3027
3054	1978
1841	726
3858	525
2837	2680
2050	2799
4376	715
478	3760
2571	4952
4977	621
2318	315
4315	4563
3246	1593
2235	1125
3682	2009
2018	449
2759	2892
4539	4637
4020	3570
2550	2953
4216	2
1132	4745
3998	814
236	3218
3570	3969
2564	3526
3854	3374
3363	14
2518	638
4523	1603
162	1517
4389	4360
3641	4602
1285	1000
1257	4530
20	3279
4149	567
4395	2296
4512	4122
1877	1467
3038	834
974	3576
50	735
432	3653
3786	1336
1844	423
719	4861
3469	4016
4096	3570
4176	4398
2557	3577
3255	1172
4265	1859
557	3431
3841	2938
1149	1727
674	2846
3435	4616
2207	1010
4156	1916
351	1514
4385	918
3821	3412
2541	1118
4353	424
2848	3972
212	2613
2309	1531
2785	4249
30	2267
3342	1340
2719	3987
4002	3834
880	4505
3553	1323
707	3671
1122	401
630	1436
4897	2405
2667	4732
4857	695
1058	4478
1713	4288
680	2552
3719	3869
112	1256
2787	2506
1904	1105
4162	4721
4687	2584
786	1366
731	3779
2237	200
3599	3773
3615	918
4353	784
386	3547
3737	4631
3017	1151
333	3951
561	1652
721	3258
1747	1202
4852	3431
702	3767
3383	4825
3169	575
3430	146
38	1507
3537	4276
3754	889
4284	1372
1513	1216
2841	2980
391	2318
4240	132
2633	513
29	1124
4890	1750
1991	104
1377	4121
1737	943
1232	505
1673	1642
3143	1431
1294	670
1399	1331
535	4398
2259	1139
167	4201
1856	186
1924	1347
2413	2632
1046	4042
3805	3867
3989	224
4601	634
4643	1087
867	866
1008	3430
2230	959
997	3719
2481	4417
3920	1665
3730	2312
438	4681
319	765
926	1153
2679	3246
2178	3690
4496	341
1641	4227
2841	4807
2984	3669
559	2508
4695	4642
2846	4216
1103	4738
1757	4325
4449	530
1796	4874
2306	3937
361	668
1394	2264
3821	1295
3308	254
4110	3512
3960	2141
965	883
2924	1164
3176	1373
3593	234
4290	77
3810	1468
3558	1748
1631	3083
1963	4869
2199	445
4545	3938
1188	2766
26	2397
856	2859
2115	2656
726	1922
4057	74
3548	3665
4553	3855
2068	2882
3296	1082
3793	3976
3849	1025
1902	4290
4773	4398
3506	3584
140	2829
4928	2198
3737	2462
3779	4860
3692	1521
127	2375
4362	4049
1026	4864
2863	4607
4562	543
1883	3484
288	2980
1353	4418
2465	489
3804	1536
4014	4719
1309	3016
2201	4756
2776	382
1776	2598
4997	1359
4382	2223
402	1675
1268	252
2197	4409
615	1628
1086	4462
1219	1306
523	4418
918	4022
14	3479
4503	206
3881	4518
4717	3724
594	1768
4851	909
105	462
993	3102
3470	2605
4502	178
991	2105
2721	972
2255	69
4311	2494
4395	2661
4519	3756
4350	4736
1666	1240
716	301
2742	723
3379	1368
3729	1556
773	545
82	1536
3458	4242
507	3102
4131	3627
1266	1941
2177	3580
2543	1877
1580	2950
4713	2143
3327	1782
1641	4818
2353	2335
1176	3483
2054	1115
804	3424
172	3694
1549	4425
2058	15
3206	3019
4074	3195
3264	3507
240	799
4296	4923
2738	754
1832	4532
3423	4246
994	4648
2724	1289
985	2626
2481	4964
346	3461
259	2095
3728	277
1378	4678
1726	1958
1074	4309
868	3464
1592	3195
1893	4412
650	54
2751	4597
3425	2835
3433	2229
682	2736
4315	4539
2439	4776
431	2494
3245	3873
2661	713
2911	1462
4044	699
2007	2508
1389	4737
2996	2452
369	1227
3008	3420
1435	4736
3712	4329
4784	4366
1999	2518
1739	1498
2220	1762
349	856
223	3344
4906	1488
4747	3816
1174	1045
2757	1038
326	3763
4026	4612
2755	3980
1103	4985
1488	2576
3626	3853
605	1663
4478	4456
1013	3835
3356	2086
4218	2527
780	3441
1233	3662
2795	1435
4343	3489
4750	165
2250	4665
1077	4009
2868	1717
4347	2993
370	1504
2930	3139
156	4395
4483	449
2829	3403
4603	4793
1129	4622
4769	4318
2094	1175
4708	3984
4179	611
2753	759
4182	4695
369	2063
578	2464
4337	3760
3197	2855
12	2957
3951	2071
2395	1031
918	1380
653	4422
967	4866
2769	1835
4527	4919
1048	3165
3719	3982
1272	4222
3286	3577
1346	1809
4040	4202
285	2642
4148	2510
2420	2081
2276	2662
18	3445
501	2788
2566	954
415	3998
465	3166
2446	922
3764	725
710	455
4647	4391
2877	3579
1076	4187
4931	862
1162	875
1645	4578
2246	2579
790	4174
4619	47
550	3582
522	256
1389	632
4141	3626
400	4621
421	4797
2388	1009
2923	2678
2345	2265
275	3170
3365	2633
157	366
1002	1376
3438	2990
873	344
1683	1528
1285	2157
589	3340
4789	1170
1312	2931
4233	4650
325	2600
4550	58
3696	4231
4972	32
2220	4537
2572	3871
1377	4769
39	4123
2608	2966
1938	3411
365	1941
4134	2496
1923	3827
3843	696
2070	788
1149	4079
4250	2411
3095	1643
3801	3694
899	4379
3689	2012
1083	2203
2795	798
2578	3470
2584	2016
3068	1689
3350	3827
1924	4952
1224	2736
2772	815
1100	3802
3039	3047
4974	2841
1627	3931
1162	4687
3114	3022
4743	3528
495	2131
3863	2723
3533	3167
4586	1599
4459	1639
1834	1620
60	2746
1273	2560
4227	4811
2446	4418
564	2902
2367	3550
3006	588
3240	773
1284	1573
2826	1609
3987	632
2479	4266
1901	3962
314	4976
1172	1513
2203	1517
354	1099
4832	830
2869	2872
3447	766
3736	3504
359	1103
1420	1811
103	4206
3087	4116
1926	4825
3115	4569
690	32
1694	1865
1844	1222
4105	4074
3128	4082
2602	3006
1282	3910
4069	705
2116	3427
15	2562
4148	2071
3410	3595
2466	212
3501	3223
2672	1486
771	88
2154	4473
2652	2322
4548	4421
4640	2255
2707	3439
167	1719
2395	3933
230	2555
2328	925
4853	1782
769	2763
3060	1650
582	949
2418	2179
874	876
2544	2473
387	4841
3778	3199
526	2842
4077	3755
496	24
1959	1218
3824	14
351	3681
3528	784
565	2226
2601	4309
4788	1793
4446	1755
3868	2866
2137	3894
4116	2594
3498	740
3541	4502
2895	1400
4698	1539
2300	2217
1116	4739
2619	3558
713	4001
3935	4728
2372	3361
4250	3844
1256	4871
4983	723
4494	1274
4506	2600
3958	3661
4283	1846
1137	4330
4105	2884
1861	1259
1723	181
4682	1422
1001	4600
1786	244
690	4441
1286	911
4239	1698
1035	4222
1420	1514
3	1086
159	2935
4751	3774
2913	3451
2530	79
249	3817
1761	110
3952	1290
2695	2240
1975	72
3829	3465
3500	2823
927	3280
1716	379
577	243
1938	4890
4928	4354
4461	2566
1877	3779
2536	4894
1612	73
4267	2603
1707	857
487	1403
4605	396
783	275
2351	2226
3746	4989
906	2841
4989	4699
7	337
4692	4447
1297	667
4873	2858
1707	1846
581	3933
1674	3549
1084	4607
1885	2568
3270	3675
1474	3837
2679	2805
2274	4380
863	4641
4420	3372
4533	975
3207	3661
4279	119
617	2579
2621	558
877	4595
1900	2514
4705	2421
4478	4232
581	2183
1638	2279
1440	2650
3953	504
3844	4530
4056	4765
2537	607
4186	4955
1328	3019
4519	3165
1125	4008
1127	2662
3616	4127
4224	915
2757	591
2518	3275
479	3073
3285	411
1907	2204
2803	3762
4000	1433
2769	598
4453	1221
3159	1242
2747	4790
4383	4885
642	4476
3537	55
991	2126
4390	3690
3618	846
3097	1811
1933	3618
1967	636
4881	2952
2511	71
4899	2437
3301	1384
4852	2226
3128	2800
646	1955
2131	4930
2801	2269
4721	2564
4030	156
3225	3988
2075	3894
1545	2652
3813	72
4335	2092
492	3274
539	2266
1680	1505
1072	4392
3713	3274
1553	3178
3388	3670
3000	4282
1729	1550
74	4146
3889	804
4574	4677
2781	1347
1060	99
1714	2549
3122	4631
33	4095
2505	4287
1307	3874
1735	3672
2689	4361
1422	3531
4265	2122
2802	4175
4549	1092
1615	4484
1709	4483
3672	4593
1540	3538
3572	1443
505	1661
2019	2651
1644	890
1671	4547
3488	2812
2398	4725
2576	4276
4931	1831
2298	940
3724	1990
2336	1153
3070	1126
1461	3021
2900	3084
4420	2229
4527	345
4372	166
3799	2483
1985	295
1960	3169
4964	2195
2768	2962
2354	1205
1420	4987
3745	2640
1986	3092
1743	3322
2234	2629
597	1205
2013	1842
2585	458
119	4976
2017	2546
666	3259
435	994
128	2909
2098	2130
4929	4429
674	2202
2357	2866
3324	3569
4993	35
3990	2972
3806	4532
3818	3232
4272	4623
3726	380
4794	4668
700	2189
422	4038
759	4079
1474	1932
1966	1621
4391	1265
3101	1286
2746	2809
1543	1540
2917	3672
1952	2914
2088	4456
3695	1289
2457	198
3144	4191
131	514
3263	1629
1354	1578
4353	931
1868	394
1748	3058
2595	3073
1672	4517
3488	635
1741	3253
3145	2567
3139	3728
2379	972
4696	3917
907	365
75	759
2357	1357
1592	1316
1976	2729
4069	1920
4385	641
1081	1851
2875	739
204	59
3553	788
3786	2927
2274	1067
353	4474
1427	2541
1617	3928
2858	4014
1091	4512
310	4426
3170	1334
3556	1000
3806	876
2669	4464
4600	604
2867	1553
3008	1693
4058	2977
2882	4911
4075	3394
2431	4540
2804	4277
1695	566
1915	318
380	1263
4593	668
3129	297
2099	4507
1386	2538
3780	1120
4613	1675
4143	2328
4614	3949
927	246
3145	2089
1897	2863
648	3987
2273	1547
2477	4338
4354	682
1281	470
554	1488
2514	542
3097	919
1651	2662
3834	3903
981	202
4937	3821
1147	2177
2973	3413
1420	24
2983	2941
2626	4745
920	1512
3503	809
562	1156
647	3091
1516	1001
4864	2564
3449	4733
1630	2468
4890	1537
4107	1757
2928	4362
963	2468
3566	3964
734	4073
3986	1146
959	2484
844	2330
1322	990
15	1457
274	3033
4349	1171
3071	1269
3856	2780
2686	3032
42	272
675	1002
694	2764
442	0
2319	1823
2771	600
1102	1656
2052	2031
4153	301
1144	3526
3503	2965
341	4324
4472	4227
2668	2950
265	287
3249	783
1637	1491
3442	1434
1511	4767
1884	4079
3061	1985
3504	624
4638	4420
621	3054
3171	3844
2247	1589
2659	3324
3446	2705
1849	4308
1865	3427
2552	4354
3249	1588
407	2979
1882	2252
3904	646
3316	943
466	4814
4192	278
910	2442
2102	1598
702	3011
4603	2510
1217	2857
767	1170
2772	986
2492	4319
4555	1520
3195	4186
4085	3958
4193	610
4228	2847
2703	3383
3395	1419
4319	989
4515	150
1138	929
694	3247
4662	4422
2621	2050
589	1701
4389	4722
1737	4143
387	439
4827	4919
2329	2968
2443	3697
1128	1813
3657	418
2421	4171
2066	530
1449	2244
4454	3653
3832	3203
1430	3745
3538	4490
3012	124
1912	544
4506	1462
3599	4713
180	4911
1272	3019
1370	4733
320	211
1774	2323
1762	3123
2124	1625
2323	384
4270	3668
1358	43
3167	3867
501	2228
255	685
3977	14
933	1234
2889	716
2644	4084
2486	558
212	2961
839	3063
305	832
3936	805
2529	3590
4949	4950
4750	4396
3829	3396
195	3191
3794	1197
3155	4283
1628	610
3270	4020
4845	2330
3717	2635
2383	1274
4244	2570
3914	4779
1047	3380
2178	2928
2893	180
132	994
3049	4016
1617	3018
3344	857
4059	1746
1365	2770
453	960
3743	2051
3784	1336
284	3801
4815	1901
167	3715
4932	4532
3084	4860
451	1918
1116	4120
3436	207
285	3452
470	4287
377	1295
215	2341
4334	2327
400	4971
2342	1793
237	4058
2308	561
1811	3987
1207	1658
3697	1646
4988	3010
2177	1491
4331	4725
848	1955
4396	2725
1529	1602
4818	3331
80	4467
1541	3428
3745	4527
1910	131
3969	2836
507	2159
621	4462
4306	3408
3191	2429
3522	2540
4782	4883
3734	3024
2717	1392
3211	4917
3156	1636
1824	1249
3258	4616
2421	3415
1277	129
339	2188
2400	3354
2555	1447
1202	4141
1483	2900
1079	4453
4860	2068
552	1403
943	2269
358	3820
1421	1882
1820	579
1574	1759
2146	3416
3785	1723
3798	3748
3850	3569
3557	2608
2105	693
4190	3945
175	2848
272	3498
3244	4392
4370	3943
1364	3240
3512	4361
464	3375
198	826
3232	327
2484	631
726	292
497	2869
1422	3302
3084	2729
4985	2269
3238	296
457	4193
3035	2128
4871	2555
2224	217
1904	348
2358	1580
294	3744
2156	574
1426	2765
4331	1632
4336	2582
466	2559
4779	4439
3074	987
3079	508
2972	2542
1645	346
2935	3635
568	4498
253	504
1511	3069
381	4537
3380	4065
3483	706
2481	1311
2051	1225
4394	1005
1902	4670
2765	2247
771	640
3222	3029
1318	2526
2263	3201
4797	726
1933	2439
1855	2621
2958	2233
3144	4852
3294	3054
440	1339
1280	951
3497	3941
225	2022
807	4255
4513	338
1930	550
2427	1883
2310	4036
612	3943
4260	2415
2080	3135
1145	302
2847	2450
4268	4785
1743	723
2293	788
2883	4305
2129	1687
1930	4243
4674	3389
1874	3166
2699	1303
290	932
2050	3445
591	1451
3174	2408
2686	2463
551	3399
1521	885
1908	4915
4389	405
1144	4065
2071	2162
3462	1924
4910	4482
1204	3693
772	101
1436	4024
151	1276
556	2932
3660	3319
3647	1646
3755	3986
581	3643
773	2165
3253	3784
1042	279
323	4207
2639	398
4861	3193
1820	1118
4575	1258
3988	1164
1998	2589
1365	4677
4466	2325
4040	288
2004	2750
1026	3740
887	2782
3641	39
1003	3483
59	565
492	2849
1383	257
1417	3464
3055	3523
3241	2976
1101	1350
1856	4466
3162	988
630	2325
2469	3841
969	1314
3001	353
2817	3028
1184	4231
3273	3967
227	3867
3493	3100
1019	4886
3951	3142
4538	3677
268	684
2163	3368
2075	2131
1904	4510
1094	1600
1858	2199
4473	1543
2362	4493
4487	4474
1334	4984
355	210
2920	2125
668	3419
4144	1250
674	2647
3522	857
2782	889
4346	2086
902	940
3460	1110
1549	2968
8	1654
4336	2657
1610	2837
1397	1172
560	4287
2455	4422
2556	2943
2036	4738
3297	3169
2455	4239
43	4329
4617	1780
1503	4275
1387	689
865	632
4942	3739
4773	1833
4571	1932
3909	420
3343	4589
4072	472
4022	1528
3148	1302
4121	1830
4898	1086
2561	4778
2208	4939
2539	1352
757	2772
4902	1870
2629	3304
1271	3909
4931	901
2022	1347
4622	1973
4041	3561
1964	566
1902	652
172	2941
534	4674
3344	798
541	3131
4847	3066
4190	4986
3360	4581
4652	78
1610	1434
4691	3105
1201	502
2996	3036
3474	14
695	141
2536	3726
2371	798
2039	703
1889	2723
326	1076
4639	408
1042	2642
2976	3324
3933	1097
1824	4303
2373	4571
1942	2971
4728	639
162	2929
2805	842
4925	180
199	4588
4152	2010
3659	4442
3189	4164
2552	4845
3754	4835
3102	4655
2788	1365
2206	3221
4039	1067
2762	4133
2555	184
4902	3485
4083	4968
3339	2294
935	1162
981	3771
4106	2612
666	3066
550	786
4154	1549
3474	2578
2638	1429
3181	142
4505	2237
1973	4623
300	1918
3616	443
3702	236
2852	3635
1048	4532
4098	4364
1382	1824
652	4632
617	3665
2567	3375
4793	3480
3004	2791
4136	2561
2769	2870
4898	452
4909	423
1872	1721
1712	1617
716	3247
4880	576
3695	3410
1368	2373
2814	3967
2979	4361
2147	1436
1550	3538
2040	4649
1980	2263
4646	685
1171	1246
1212	3679
1483	2751
930	2538
3087	1509
1053	811
2620	2241
3605	1866
4286	2290
874	1515
1226	1637
686	3568
4806	3340
4867	4157
1957	1054
4013	3495
4999	4996
722	3881
1524	1987
1758	3533
577	1667
4452	4916
1611	4043
4166	1194
1233	766
2493	4513
2990	70
2540	3384
387	2323
3711	3863
4011	552
1353	178
1176	3339
3283	424
3492	1031
1544	4766
2266	4872
3517	4349
2346	410
670	1693
4435	950
2388	1044
3378	593
4186	3048
4241	3691
695	964
2492	3345
3006	4514
3756	4280
1544	1078
3678	4599
2339	1322
2054	1367
980	379
165	1346
4073	1839
2585	453
2921	458
3275	1899
3580	2468
4524	4215
4671	4056
3937	509
1615	4155
1718	1646
919	2983
1159	4847
829	1972
1001	3365
3382	4130
1614	4079
4498	3197
3744	279
434	2453
4397	950
726	280
3672	83
3179	1806
4321	3952
4513	3450
3506	1834
1915	2960
1114	4994
152	1647
3695	461
3654	1941
3844	3380
4014	3433
610	3425
1466	4137
1075	391
4451	2512
3577	2532
1520	1468
4413	230
1344	689
3772	2895
3688	1293
3364	3742
200	745
4580	1691
2952	2961
1809	3863
97	3601
677	3494
2206	2819
4369	4266
4664	3737
2171	1053
1985	3107
3220	4010
3824	3774
2928	3201
507	1346
1032	797
4715	534
2420	2428
41	4185
2569	2
2422	5000
4563	1226
1889	4191
2908	99
3649	3606
2171	570
2778	162
4663	1530
1909	2596
3370	4341
119	354
907	3861
1571	1616
667	2915
4388	3675
1586	4083
3587	1658
4770	1450
4959	305
1464	3470
546	1411
3931	3080
1815	3819
581	176
3450	1319
2566	4534
696	2810
2448	4704
3518	4572
1910	3661
1405	3512
2861	2276
4914	4563
1260	242
1236	2940
4904	2062
2575	4548
3296	1243
85	3314
488	2121
1740	899
648	336
4147	3261
4972	891
1437	4063
391	2621
2344	3647
2848	938
2952	3935
2871	2508
253	821
4473	1265
1739	541
4782	1157
423	4117
4004	434
3711	1500
684	1568
3410	760
3354	4298
2911	2812
91	847
4858	1826
2919	634
1721	1770
3253	2487
4540	3575
4854	3961
979	4322
3937	3445
3553	2430
2478	4237
614	4335
2103	4530
3011	967
2447	2977
3991	1759
3990	1688
4286	4414
2637	2950
2280	3369
3180	1956
2624	3727
4916	3916
4043	1776
3686	676
360	4065
1785	1351
711	1919
1387	1272
1298	2070
15	4004
4512	1036
2949	4675
480	2895
4967	707
3459	3727
87	4073
4890	2601
2478	1716
1974	3129
4311	4056
2087	4100
2034	4572
4436	583
3629	3793
4585	2544
1085	4543
271	351
3194	4573
1301	3016
4040	3124
3804	3728
1146	3161
4296	4792
1817	2830
3450	723
4313	2932
1106	897
3981	4895
2930	1813
1353	350
2046	2730
4061	781
1032	1420
3706	801
3944	566
269	1551
3088	1736
2352	3233
4005	4666
192	1462
2953	2569
3961	2485
1502	508
461	2030
3637	3949
3251	2117
1148	4063
828	2380
3102	2640
3690	4851
4293	2492
4905	2167
1386	395
2495	4764
269	1008
2520	2464
2928	1231
2009	4782
2109	4499
3718	1980
3728	3785
2080	3714
2080	2252
1038	198
3151	3102
1700	4024
4104	1951
2353	63
4320	3421
4362	3847
1429	65
1548	4328
531	3905
4175	3956
2485	2200
3566	3548
2489	3414
578	3255
4484	4333
4446	2241
773	3721
1214	3028
3918	2347
1520	2061
4260	1659
3253	2301
2968	3079
1993	2786
1061	1468
3013	1914
1330	2871
1438	4748
1522	4665
4790	4811
2646	2501
1489	711
1765	543
2034	3377
4746	3411
4387	2379
1883	3183
4492	2050
3282	455
2882	234
1940	1427
4961	60
1486	2166
2172	422
4328	2557
817	4143
4594	1417
4202	4453
4739	156
310	2013
896	868
502	4215
3689	911
1891	2627
4151	3004
2636	3596
2010	1729
1485	3847
2399	3087
1676	4239
54	4878
4909	4977
4394	269
1734	1151
2498	1338
332	828
2108	3674
988	4707
2161	2902
622	3884
4628	3179
3579	1251
4092	3884
1583	4686
1440	4494
2193	1492
3098	1720
2000	1661
4852	4380
3496	4097
943	174
890	3649
2235	121
649	1220
9	2872
1576	2367
2332	152
4186	1925
1917	4639
553	1862
3102	4920
888	1263
398	4783
684	1533
4339	4283
2317	887
3014	45
162	1840
3048	292
122	3310
4339	4218
4599	74
2755	1102
4541	1820
3147	4270
2009	4634
1651	3521
76	1701
2287	2047
4471	4640
2548	2038
4416	3981
2587	1026
2466	2358
664	1439
3419	61
44	1262
2799	2809
1918	2018
3457	477
4344	3430
3866	1230
4357	1341
1594	4121
3457	2749
2595	311
505	3664
1958	4135
3410	4169
4077	2662
4797	2824
2687	3109
159	2946
3970	3214
959	520
1634	1228
4457	1193
1623	2367
4528	3359
646	3457
3704	3539
342	1096
328	582
1202	696
566	2358
3886	1605
4565	2249
1195	3809
154	3737
4733	2472
1101	1307
2835	1854
666	4781
1166	2728
2414	1260
2842	776
3383	4135
2451	3687
1125	3644
4585	4238
348	1173
3803	3653
2243	3287
3938	2191
4599	758
148	1664
4057	112
3273	3765
4902	4125
4258	1974
1341	2927
4373	4314
2291	4964
4805	4359
450	4693
4623	2531
2528	1739
2095	3557
4108	3381
528	306
475	3960
2803	4644
121	3387
3727	2869
1515	1757
319	876
1824	2254
2121	282
960	4839
3266	468
1101	2606
1463	2917
2926	4930
2702	4343
3163	4400
4891	3589
3802	2904
2382	4904
344	2031
1098	3020
2363	4841
1025	3871
4844	546
2450	3261
1322	4682
653	235
3457	507
373	1534
1082	2568
44	887
1244	2716
3052	1621
2904	4843
2817	3663
4090	3433
933	197
3059	229
4707	1737
2699	1082
2645	3536
196	3042
4241	3455
330	3279
3286	2315
4983	4968
892	745
3139	916
4634	671
816	3062
4105	4669
3931	2677
3037	4812
1639	4366
4115	2993
499	3904
4126	773
1740	84
2228	2796
1549	439
3518	8
1026	3718
516	3794
3605	677
2838	1325
3103	1499
352	1975
4024	2062
221	1916
2026	1750
2084	2576
512	3233
4800	185
828	3643
3409	4263
3749	655
3192	3369
1847	2982
2239	4134
4100	3338
3143	3980
1169	56
4659	1720
4476	4257
2154	2363
1281	4067
2866	732
3628	2416
360	2328
3232	3891
420	3244
4494	2034
4656	4810
738	4268
329	2687
1199	2049
79	768
3962	768
4415	4596
1492	2001
1279	1331
1640	576
2849	3241
2341	2026
3897	3494
2142	1824
1193	4597
125	5
3379	1439
822	2021
894	2884
1879	3372
826	3453
429	3720
1534	1504
3098	4147
3833	1049
4043	3889
3029	898
702	4019
1631	687
4993	414
1675	752
2116	4611
3357	4852
3520	4028
1922	4734
906	999
4733	4119
1184	2474
2301	4352
524	4195
764	3993
1990	1883
2074	1291
3627	2279
1144	4895
956	3361
4472	1953
3522	3514
3593	1500
3940	764
2809	2123
219	1632
3164	4249
4437	2483
1617	4102
285	2869
1859	1759
4996	2160
3716	2529
2777	2465
3421	833
2668	4086
4283	3163
4328	2236
2092	333
2574	3739
2087	4311
2166	664
2570	1881
865	2536
492	857
1386	1300
2074	639
3730	1965
143	2503
1651	3525
1877	3507
3204	4616
1024	1770
1083	933
921	2897
3794	4533
2753	1996
2456	1398
723	2682
3559	1068
3900	3066
4174	677
3774	4757
4340	3759
2144	2273
4557	4177
1249	423
2	2547
155	59
2608	1650
141	3422
2411	3780
385	841
1948	1348
1044	4103
557	2811
923	4471
4309	3315
1171	4149
4870	3817
121	1876
4924	4567
2408	1979
4560	3715
4464	905
1859	4391
2804	2710
3110	853
4404	895
1406	3967
3329	2517
3397	305
4855	2187
2443	1956
676	3923
1404	4455
2399	3492
1002	1020
4868	1553
2203	2940
2931	4873
1990	2608
3408	1606
3759	2541
4694	252
3202	2339
2573	313
2724	4266
59	2923
3197	609
1286	250
2113	909
1158	4611
4973	275
1025	3774
735	74
2401	2958
2759	464
3248	34
4298	3775
1491	1492
2869	2875
1900	3141
4102	3947
2018	3458
1069	1745
3860	144
3330	3728
4306	1400
2273	3441
1884	3438
4816	3178
4700	196
1529	3036
4742	2902
450	2895
1456	1402
3418	2876
1828	4958
1278	1350
3746	733
778	966
562	2655
1763	2
3632	2996
672	4442
4368	4893
4921	1998
3609	3568
3672	455
3070	2526
2604	721
4303	3498
45	4313
4446	2680
3314	1257
2542	2423
2637	2901
2790	1972
496	3097
3482	3589
400	1009
3778	1951
3503	3172
108	1709
4465	2950
3685	4678
3037	1865
3453	3408
3547	1199
833	1871
3212	3343
4057	2252
3724	2545
1833	588
2484	1344
3837	1502
4548	4227
662	4336
4382	4783
3417	2975
3487	2405
4287	4801
2486	4035
3463	2874
750	1698
1078	2046
9	108
4953	3905
2322	3095
3162	2601
2428	3475
1614	516
521	1028
1351	1828
154	2107
3021	3963
1054	2927
2271	1093
2374	804
1471	3497
676	582
3492	2475
3308	4196
4617	3321
4499	3291
1546	3448
2492	598
543	1850
3530	2535
2505	3590
4311	3789
946	437
4322	897
3529	4508
1239	2495
563	59
825	3446
3181	1777
3851	4635
477	1889
3028	3265
3048	1933
48	4501
1990	4733
315	4953
266	732
2192	2311
157	192
2312	655
2538	3340
4654	2295
1605	1155
4192	4255
4805	723
3952	3414
1024	1132
3840	1532
958	164
83	332
157	1280
4784	3469
4227	1624
2594	4367
2667	2256
1547	2373
1502	3903
303	490
4707	2766
4116	3420
3897	598
3976	568
3376	4774
899	3320
3192	2144
3411	480
1066	4551
1710	3833
2914	2880
4153	647
110	2209
79	3934
2264	258
1406	4860
2799	3615
1212	26
2220	3943
1255	2716
2600	1764
2129	4507
939	4327
1298	1068
3215	4439
991	55
3667	2550
497	4053
3227	2081
3073	3926
1333	3689
4903	3663
1727	1570
3657	3237
3179	1264
3816	1056
3692	3025
1871	127
923	3876
1717	4652
2298	507
4850	195
3897	3983
4765	156
975	2993
4476	939
2544	2160
813	1272
4221	4668
4985	1624
3434	2838
3857	2800
40	1466
2760	4441
2699	4426
383	1884
2317	4832
4360	4754
945	1495
4251	137
1780	2111
3492	4503
2558	2235
2581	2204
4847	4937
4287	2776
3748	3773
3596	1126
2112	3954
1712	2740
2679	910
2342	2080
2110	4089
2031	1664
1006	2106
4405	2734
3488	4630
1197	1806
754	566
1835	2798
1791	3731
3503	137
1453	2809
62	1415
1280	2365
1276	245
2652	397
3876	2348
440	4882
1018	1721
309	36
1615	561
981	4811
4660	4702
4129	421
1426	4130
723	2041
1190	1478
3906	4382
4146	2624
2644	2544
1566	856
3398	361
4966	4269
1086	2784
1733	3728
4826	2673
759	3132
2369	1905
2148	721
2663	1147
1000	4740
214	4188
2959	828
983	4832
2518	4660
2328	983
3261	4472
376	2847
1536	1302
4750	2854
1853	4138
1952	3893
2999	613
2439	2700
3545	203
1446	3086
3671	4592
2340	4210
1102	3919
4791	3762
1228	4959
3497	3060
2242	2282
1807	3355
3374	1170
2707	633
4788	178
4651	3851
3645	2927
1154	3017
1856	2970
4101	1640
2404	2091
4440	222
1296	3570
1663	1306
1641	3229
1305	3061
307	1434
3006	4265
4011	199
2689	3796
2784	4646
4864	1537
378	526
4296	3243
451	2456
4430	3815
2091	3679
2816	925
2671	226
3658	130
3057	522
629	750
4691	2803
2042	2045
4516	2217
3940	3748
3885	4591
858	1089
2901	4991
2252	807
3984	209
717	3373
4975	3258
4879	2394
3081	4315
3165	2408
2248	4586
153	2962
1486	1386
3662	1826
1949	890
3015	4227
2838	860
478	472
3353	4524
2561	1408
4227	3923
23	1983
4486	4719
2833	4842
434	648
1195	2878
505	1842
2217	1221
584	4122
3471	4286
1730	3263
1872	4040
207	4759
4000	675
2737	1579
2245	1651
3223	3400
1064	4649
3354	650
1626	2240
4348	4110
2425	2409
2321	1989
1450	4908
3974	3177
4968	835
2374	1317
3714	1260
1364	3565
3163	2260
2594	2542
643	435
2719	2892
4795	1943
3256	4031
1262	3800
109	3329
1098	3877
4564	4239
2270	2618
1099	425
1430	711
4678	799
1001	214
2873	3289
348	4744
1448	3331
943	396
4970	4484
3173	2341
2923	3114
553	2375
2528	1044
1507	3262
3766	3476
4234	1907
3516	4438
1060	2188
2735	121
3513	871
4163	3520
2574	4267
3670	4213
4669	2163
1161	4196
3321	135
3593	4168
4415	3488
1698	2052
3800	640
258	3448
3675	4932
3779	565
223	3528
746	303
1278	3725
4293	3454
3757	2609
2178	4185
4985	1491
4050	1560
1227	209
1164	4700
4364	4272
1766	3789
2604	2335
4886	3127
2107	4232
518	3634
3874	4805
454	1333
3908	4787
2124	2423
975	4629
3670	113
255	2736
1744	2603
4905	3390
697	3193
1204	1274
3896	2602
4627	799
4988	4158
3232	4004
1792	3625
682	2176
1397	4983
2223	1598
4538	2430
1149	1109
4871	4899
3179	4799
3927	3730
4908	2316
324	677
3211	4242
492	1720
2186	523
4185	4175
4532	2459
1934	1261
1979	3565
4749	3634
619	2881
109	2479
1878	420
4553	3105
2481	699
1940	1712
2435	3277
4792	692
4213	1229
3070	2331
301	1681
1968	3104
1933	3194
2619	2923
4992	2600
4856	3665
909	2449
1760	856
1195	597
4263	3441
581	4089
2242	1339
1535	4118
3835	1368
2166	2630
4099	4878
2423	3571
3855	3436
2701	2772
4587	70
3150	4508
706	4984
2439	3640
944	4603
2427	781
247	3174
2595	4524
1437	3764
2687	1228
2055	4278
3978	4658
3558	3878
268	2022
3640	4431
4114	1373
482	1635
1480	4727
1585	1347
3022	4237
3800	1957
1216	1169
547	3045
4303	3193
1442	3466
2645	2169
4457	4451
1774	268
4748	374
2153	247
3104	3949
4014	474
2933	4446
562	3652
1575	2350
454	4738
3956	1569
1158	2331
3176	1000
2517	2939
4043	1711
2949	114
2268	2026
4996	3832
3056	3731
26	128
43	4611
3615	2366
1862	3099
4506	4918
3385	3917
2955	4819
3128	1980
1746	4936
945	356
4825	3206
1958	3224
660	267
4278	3855
1937	2603
3566	2417
1890	1838
3876	2179
3824	2526
1100	4213
1249	1715
1427	461
3722	3564
1193	866
3023	3708
884	1502
255	3871
1447	2608
3149	384
4817	4854
1417	2048
4738	1420
3334	2533
4048	4627
3404	4765
1104	4193
4189	2973
1513	1888
3173	3410
3522	3438
1610	1915
4499	3433
2275	4529
1960	1132
1477	4636
4682	243
3353	2980
1872	2303
1209	2561
1948	182
793	583
4232	426
4114	4353
1566	2820
4369	33
4143	2789
1271	505
1683	3297
4346	4305
3295	3808
2008	221
2221	1186
3531	1482
2589	839
1008	1157
2913	1184
3562	2249
1399	173
3123	995
2191	580
3827	1075
1292	1963
665	4529
1816	2658
4158	890
1943	2240
129	1366
2766	784
4573	887
4260	2151
4630	1823
2174	1389
1002	894
1409	1006
4269	4119
4608	524
501	1638
1774	523
1589	3401
805	416
148	1456
2781	2767
1397	1618
656	3056
4745	1829
1290	3972
3608	2850
2222	2194
1783	4819
331	3528
756	337
205	4736
4765	1310
4728	2186
1694	2084
3032	1504
2920	1856
3067	1322
3839	4351
2184	1461
2556	2059
697	3890
834	4161
2356	1489
4188	2275
3000	3761
1523	221
4882	2397
3661	1734
1782	2892
4456	2749
2875	3588
1647	2693
4487	2228
3499	191
1258	1637
1779	1338
663	397
3814	1194
2373	624
1429	2698
1868	3338
2206	3231
2994	4181
2099	2354
2149	1420
4568	1681
2091	2794
4155	1388
4925	3178
1807	3207
1802	3668
617	3553
1023	4408
2659	1031
4773	2386
486	4181
1219	3434
186	546
1218	2798
3969	1415
2752	2079
4226	701
4883	2837
2274	3944
4911	96
1460	3483
1523	1940
3881	513
1854	527
2827	2341
1111	3163
2371	3039
4138	3251
3658	204
3366	259
4205	3656
1819	3304
3489	4115
3825	1825
1934	4877
4347	2361
2793	743
2955	4282
4441	2432
1583	952
4906	3512
4169	719
4976	3805
252	4665
2091	3655
1882	4528
2113	3266
3578	1853
1946	4912
895	178
1645	2792
2132	1442
2423	3015
732	699
4843	1321
1838	4245
4973	2292
1965	74
993	2946
2709	1722
3001	4353
4473	1017
1059	8
4938	607
3504	2832
3706	805
2889	1820
4591	4887
2669	399
2626	3554
3213	1313
599	2979
3456	3629
4352	1481
3010	26
4042	456
4575	332
3240	1699
3606	478
2862	757
3560	4791
3734	396
504	4654
1398	611
1484	1707
4931	4651
1746	2187
71	21
1342	2255
2117	4206
31	1114
1669	4519
3802	4765
1235	416
3413	2129
1026	3809
3222	2185
2566	1501
3372	2385
839	195
4643	2838
3890	4298
1109	3468
3929	2208
4892	1582
2466	3767
4284	4629
4181	1949
2613	4696
1110	2574
302	1069
2043	4864
4557	2433
3272	1379
1579	3105
1086	995
3724	2750
130	2547
2036	4967
3345	4960
3101	45
1321	4967
4045	3624
1843	1380
2364	321
253	1152
3012	2628
980	2078
3025	517
1006	562
2120	1907
397	94
3227	1565
4552	2547
2002	1952
2259	760
3798	3890
3767	4330
3638	1726
1821	3184
389	3932
4363	1970
1483	2468
2025	1438
1751	2991
3997	4550
1350	1531
4698	721
2685	4801
4103	2012
859	2708
3444	2509
1010	3623
3480	1452
4324	3348
1398	3039
3937	4405
2109	1224
3182	4225
2390	4621
3386	2405
2697	1283
4771	227
1368	4024
878	396
4421	3980
4667	3830
3687	2627
558	1098
2311	2986
1953	2556
906	4595
4847	1224
2687	510
3547	1622
4896	1214
703	1489
661	4734
842	3921
1355	1142
4769	3491
2764	678
2661	3858
2473	2973
4621	3373
1850	3246
4698	2029
477	1472
2536	120
4997	4937
1285	367
1722	2134
722	4104
2374	1697
1062	3825
80	3344
954	1842
241	454
2423	181
852	3632
1828	4093
259	4750
3771	4440
4740	4579
435	11
4722	2907
4272	48
2912	3889
678	958
4432	522
157	3758
26	3809
4942	4389
4200	3104
4940	1851
3150	4400
2262	702
3799	781
2457	164
1338	4288
738	3715
1548	754
3424	4335
511	1738
1176	1671
3799	2628
2930	220
237	3423
2129	4112
2613	3792
168	3502
3578	544
3808	3636
1738	3831
4078	2938
100	2939
1241	2398
349	4041
2569	2117
1097	871
235	3783
4423	1907
2041	280
1022	380
3366	4983
2811	3611
2079	1541
557	4917
3005	4315
127	664
39	1848
1564	3551
2269	4198
3338	1012
2775	3848
1660	1601
3300	938
2683	843
2174	989
1223	1636
1818	2670
4512	2252
2725	2777
4185	690
4538	2559
3028	1772
1393	1681
2384	217
2153	4288
238	2711
3086	1931
2108	1647
2662	2068
256	3825
2701	1487
575	468
1168	3520
2470	558
3214	3448
1956	4093
3883	2524
299	2048
3182	538
619	3349
4978	472
895	4303
4770	4419
3819	3235
2309	2457
530	2047
1330	3931
967	4392
2413	4059
1793	2487
870	814
1954	1008
4403	765
1488	1382
20	4470
4794	2958
2820	210
3079	4950
1031	4779
2951	3362
1503	1748
421	4259
4489	3997
1044	4732
4300	113
3295	2355
1953	541
4013	4799
4086	3640
4937	3244
4029	3426
4480	4089
2954	3722
2323	4714
4953	248
3556	3759
4998	595
3981	448
862	1967
1475	4251
3298	639
18	3788
3804	4788
3371	3127
1193	4255
2976	349
375	1521
713	281
1040	4332
598	542
4541	844
324	1303
3350	2080
3829	2314
2197	2456
1376	1434
4786	2402
3527	3967
2009	1596
3087	4100
3192	2280
4643	3973
156	4967
1585	3243
2260	3539
134	4686
581	3862
3445	22
4460	1656
4122	1277
3618	2537
3933	124
4849	4884
3946	921
1589	4051
310	1954
142	1949
300	641
2650	681
4301	555
3551	221
3909	2214
2142	1184
2266	711
2899	4688
2416	3142
265	1632
1832	1222
1402	2946
3535	3405
500	4397
3738	588
3944	1171
255	691
3156	786
775	117
4343	2669
752	1483
2060	3966
3239	3631
1424	1562
771	3535
734	208
3356	2980
922	3640
4833	191
1211	1557
1153	4871
809	2886
3402	4761
725	2262
2814	4796
3128	2462
4411	1279
4244	4204
1265	34
4326	819
3046	542
4549	2654
3165	2410
3157	2250
454	2347
1356	4031
4087	742
6	1578
2143	4717
835	730
3123	1117
1837	365
3170	3760
1784	2311
3019	3251
4322	4031
2254	1630
4675	4253
104	2051
1438	4251
1752	461
4892	2136
3502	3495
3938	283
3699	4397
2657	2082
1316	2331
2419	1758
2904	2705
1069	3875
3681	4967
3168	3569
4639	2363
1762	2866
3048	3924
33	2033
780	4857
3144	211
3436	2147
1922	45
1346	740
330	3249
748	2699
3789	3966
2570	2974
2520	1482
2535	4162
1627	1847
3813	1705
4255	3896
4473	2768
3987	1999
4357	1980
2162	4396
3068	3761
2873	1091
3384	4727
1948	4467
1823	2505
3408	2431
428	3931
1915	730
4138	2183
2760	1020
4732	2220
2654	4299
2599	2412
3704	2784
2777	4841
647	96
274	323
4932	1587
688	824
3074	2972
1418	4816
3695	422
4866	420
1588	4535
1597	83
4154	1459
1911	1048
3156	4600
2735	4260
539	3041
3330	2339
3108	1234
3611	4094
3590	2695
640	2180
4736	361
3896	277
367	822
1496	5
725	2444
4068	2490
645	1226
595	1186
2339	1706
1940	2427
2801	4799
2245	1168
1819	1087
4018	117
3516	4205
2746	2976
4194	1510
949	276
204	3341
2145	2763
4724	4197
3124	503
4223	2419
4460	3949
2584	2438
442	1942
3981	3684
781	4420
2674	3554
1307	3133
3881	239
770	3815
180	3918
2493	3808
609	2734
1346	3689
3115	2471
1576	847
2657	4883
4918	2277
1648	151
4358	4945
1396	2021
3512	2777
236	472
3075	714
1034	2418
2782	2389
3490	4965
4221	3127
4674	1756
1735	4011
728	2445
4820	677
1138	4623
3308	1574
797	722
2051	895
297	1494
3464	1468
4924	3547
157	2559
4267	2442
1888	2718
2712	2832
1208	3362
1556	4061
4524	4709
125	4740
3157	535
331	2145
2395	2204
1573	3921
3685	3429
2449	4091
1210	2506
2520	1394
4229	2498
3391	1843
2598	1830
4770	3850
754	3488
4651	875
772	4755
2152	2879
2701	1191
3523	1054
2639	2355
2994	4027
3344	2039
3823	2744
2298	3630
3626	1590
879	4756
355	217
569	3794
4660	2295
1944	1939
3322	995
1788	1689
2068	4122
1738	3105
3163	4809
3588	1208
1858	1889
825	3232
4464	121
2556	780
328	3382
2120	2940
4962	4144
2584	4708
3650	2428
4308	55
949	4434
4384	2732
420	770
2831	2074
3922	4960
3286	3694
367	3409
4643	3277
3415	353
2811	4440
1989	3107
3554	1516
1928	3900
4366	3698
1672	3916
1861	1946
3954	3434
4980	4582
1398	4299
1985	3430
962	1318
3744	3929
4559	3655
2418	1370
817	270
4596	2214
4597	1083
1804	1232
1914	2897
102	2695
1010	4508
4876	814
2010	2680
1548	1589
4157	3207
3843	1489
663	775
1599	4165
2765	3606
3291	1146
1826	4506
4731	2291
2363	937
3879	414
3076	3690
637	2095
2164	143
2991	4951
2483	2816
1699	3420
149	3700
2993	4310
1166	4006
3071	2950
4460	1730
2840	4506
1884	3235
4668	2473
4349	2970
4113	3704
4425	3069
2007	1150
730	553
105	2363
3753	733
3742	2455
3961	2726
3735	4778
4283	408
996	4752
2266	72
2744	2838
990	4715
1419	3342
1862	3617
741	4394
4454	2764
887	2473
2272	1359
4654	2883
3703	1949
3345	3923
1919	4256
2178	512
2489	4034
2385	959
2162	451
4692	1905
2138	1407
3115	4813
2770	3659
2335	2034
4526	4244
4851	330
4155	4357
4522	1102
4810	1507
872	3050
2026	2926
1925	3213
1620	3702
4948	2880
376	303
2290	3728
4581	4019
2225	2106
237	3627
4300	1730
4702	1833
1421	1167
3069	1189
4898	3254
2094	3322
678	4426
190	2805
2908	205
4593	1817
4671	2470
375	393
2620	3887
4506	595
4217	2945
4187	2677
2103	2382
682	40
4642	4395
467	1973
4137	2088
3205	2240
1209	2022
2383	280
2868	284
3660	4247
3999	1413
1125	4052
4441	1761
525	3819
4287	1054
968	606
1332	4316
68	3138
4502	3114
1394	3657
3796	3944
3958	1159
1923	3314
1729	4371
4400	4061
4912	3372
4439	1041
4373	461
1986	3899
1995	4839
198	4814
3320	4961
839	1781
1923	4502
4812	2272
276	220
4373	2449
707	1540
3729	826
584	1571
3580	3612
2802	1252
4637	3974
1979	2287
405	4913
2680	1250
2931	4508
2319	1963
1893	2160
3057	1831
4889	938
1598	722
2650	1192
3992	203
3670	2770
784	2699
636	1623
2317	683
2467	3233
4571	2775
3565	1910
3471	1066
2218	395
441	4151
2585	4495
1546	241
505	2954
109	2432
4606	2600
1738	4097
288	4350
4293	2528
4901	1720
1582	2596
4486	4012
2817	1656
3486	103
173	3546
3535	2769
250	4265
1487	1615
1171	440
2824	230
1443	1265
3174	4855
597	2304
937	3035
3371	1701
3978	3180
1296	3109
1034	3061
153	1582
3629	599
2509	2493
2150	3777
1094	2614
1564	1588
4424	3815
4722	888
3230	1489
4277	1895
4556	4540
2078	4212
734	1143
2319	62
4064	2576
4354	4647
3127	2846
29	2075
900	880
3754	8
4945	3785
1443	2225
1444	3427
4682	4518
2424	1797
4463	924
2099	4315
2059	2037
4235	521
4016	659
3801	4579
4539	4662
367	1323
4530	2871
4997	4288
264	4952
4431	2919
1128	51
227	1633
3078	932
2311	2401
2896	3011
1575	4392
4979	3906
996	15
818	23
440	4616
4841	4966
3349	2409
3161	487
1749	263
4908	1695
13	1603
71	837
3707	3483
488	1964
198	1328
3461	368
1060	4214
163	119
2958	4510
1656	2677
4304	1692
3456	2627
789	2365
2956	278
3464	554
722	1016
4757	217
4557	2845
3509	3110
4476	435
3016	2150
1632	3486
1837	2339
543	1224
1469	3665
4287	834
1190	4355
4268	4938
243	2003
689	4665
2569	2501
4685	4719
20	1790
3517	2980
183	3310
1392	262
4971	1727
648	1715
3671	4473
3947	3794
1806	3060
4793	2258
2118	1513
3120	142
4684	4950
988	4651
4204	468
3378	728
2094	4061
4475	665
2805	3799
2694	1968
4850	1808
3790	1520
453	2062
467	1991
2275	4996
2724	928
267	4186
4810	4882
1818	2442
2839	225
1862	1970
4405	2055
4632	3875
628	2854
3698	4685
1715	4756
512	645
32	4012
476	2700
3674	1757
3657	1053
571	2353
3273	3258
3028	4252
146	2691
1176	1055
731	1141
2858	2000
148	3555
3179	2048
2539	4428
4819	4521
619	1448
1737	681
3839	2984
4806	2951
2821	2673
3883	3441
3373	53
3602	1671
464	1246
618	3896
2046	2704
845	2000
4319	3258
3740	4770
3683	2072
4602	2872
14	1936
4773	4756
2595	3190
2961	2353
3025	1623
3830	795
2371	3318
3930	424
993	2407
1186	3945
3131	4230
1241	1521
990	4235
1171	4258
303	1796
475	3462
4109	1246
689	2944
451	3978
1511	3271
2459	2520
2	2092
2566	923
2998	1913
4711	4745
4562	1014
3447	3092
3027	1961
1859	3202
3077	3617
1619	2558
3180	3104
1924	1344
3184	1562
1028	744
2822	1414
1757	4434
2003	2232
1282	2014
1659	1928
3967	3088
3936	2891
4694	1567
1791	4475
1068	3563
4317	1030
586	3288
327	1808
1366	514
166	4814
4730	940
4584	4664
2460	1720
3571	810
4877	2005
3493	1328
4590	3384
3856	1227
851	2985
3169	4924
3387	316
303	3939
216	3591
336	3164
3985	3630
4287	4215
4704	3633
818	67
3637	2159
2272	311
528	850
4160	3388
2270	3902
1772	3258
4979	759
637	3286
2846	582
3663	3525
1170	2295
3477	4167
3848	3459
4064	298
2770	4205
4080	2418
1611	690
3589	1435
1978	4154
3511	2867
2509	254
3786	2406
4729	4677
3406	3710
4960	535
4746	4519
3924	2445
2520	261
895	202
2940	1275
4845	2354
2334	4529
4209	38
2351	1441
4396	4737
1728	4830
1477	1347
2485	3761
4082	479
969	1865
3044	114
3603	2598
1801	3611
502	3075
1530	321
823	4389
2685	2822
4735	1932
949	4102
1800	4222
1981	2563
1861	3450
4092	4977
1282	4935
145	1833
450	626
840	1964
4183	230
1693	1182
2283	4715
2869	1180
4918	301
2957	363
2489	200
850	1479
3110	4741
3198	3780
2219	156
3948	1773
1251	3022
3475	4646
1140	4829
4215	4112
2576	2930
1997	2025
4971	3411
988	1846
4379	3679
4801	678
2798	2927
2539	3635
3485	3315
3222	1232
1637	1614
1283	410
6	1096
1164	540
4549	4894
2828	387
3828	1143
4717	4834
4850	4357
123	259
2917	4526
2014	1003
1946	1927
230	4441
1591	3444
1975	971
817	1670
1979	1308
1183	1241
4390	3598
3799	1273
4933	3224
2518	4417
600	1436
1411	2319
3575	480
213	2607
608	302
531	915
3742	826
4162	836
3293	2944
3561	1887
3658	4304
2312	2119
2392	2223
23	1419
373	4339
299	3907
203	3194
595	2676
4210	2784
353	310
2218	1827
2411	3575
1695	2916
49	4502
3757	4445
714	1733
3219	3857
2495	4940
1300	4684
3105	3518
3072	2665
574	3530
4057	674
542	41
1673	3839
12	902
1665	3518
1223	119
3748	2587
3561	2823
3707	564
2647	1149
2001	532
1567	2508
2102	3410
232	1808
2129	4741
4187	4034
4991	4334
735	4096
3784	4194
4594	1988
4416	2531
1147	1871
4659	2434
4844	3978
3210	114
110	457
2810	12
3124	1797
2659	4323
2042	3652
3758	2371
3070	1534
2792	2547
3124	1119
4107	1380
4951	3004
1724	3957
107	3532
87	1285
3200	3388
2638	3428
3369	775
1849	2981
3227	2161
599	3172
3457	3198
4250	1792
4084	2747
1969	2406
3927	3536
3711	330
1640	3449
4032	4210
3707	4688
2868	4713
3665	4425
1716	3988
253	4186
2930	1060
4719	868
269	2713
3754	450
1769	2936
816	3613
4021	681
4717	2593
1518	2927
296	2328
2873	1708
2950	3601
3334	2089
833	1949
472	3167
318	1990
4832	493
4932	619
3274	2422
632	2860
4711	1430
2334	4743
3345	2985
1889	3517
893	2296
772	1565
3203	3177
1217	4826
1857	1345
3534	339
2845	4329
80	2311
1345	1482
4543	1954
2249	3119
1089	1801
4424	3934
2194	4318
4944	4434
1353	2440
2241	1632
3334	4275
2185	4947
2448	3167
3681	1222
4443	1904
2072	1390
3022	1721
4048	4338
1570	1021
4038	3175
2647	2500
2072	4452
2641	4566
2943	2159
1071	4063
2780	2235
1460	1479
3695	3927
3046	116
2738	1627
1620	879
612	4857
2021	1632
889	2078
4236	3991
1111	3412
2463	3448
2691	741
2582	4874
3738	4326
2064	2292
3564	1622
3857	4204
1570	3705
2289	4326
3288	3781
270	1581
502	160
1137	2889
1688	4980
3142	357
613	616
717	3331
1093	749
2237	1599
1708	4642
1856	1757
2851	1780
2138	4976
1813	189
1859	2271
4599	1711
3308	798
1361	1974
4822	4055
4841	1991
3134	1242
319	3121
1468	2832
1314	1039
4675	2744
4569	4726
3139	3645
3079	2377
1090	3620
1661	4679
4425	781
4267	1110
394	149
2066	4614
551	3030
4064	28
2182	3764
726	1
98	4908
2911	2951
2667	3803
1822	1976
4348	1880
4594	3298
285	4887
1790	1067
3103	4219
2001	613
237	519
1020	4245
3874	2362
4169	14
1021	813
537	4501
4561	4121
4446	745
4729	4410
4063	2042
3824	4162
2170	1723
2471	3083
1195	3172
3608	1645
155	4904
4063	2680
2260	2560
4585	3703
1880	3226
4676	4313
4634	1082
2286	3373
3828	2482
2833	345
2279	1529
4403	2399
3689	1110
4781	285
217	2560
945	1591
2846	3892
3846	3355
2045	3753
1801	2441
145	731
1513	2421
1253	3170
2364	2523
3541	998
3360	4869
2195	993
4297	299
3781	2561
3761	2512
1363	1489
2839	1558
2886	3708
214	997
1284	4325
3677	2701
2081	3413
3895	4253
1791	2242
2313	2111
21	1392
257	3106
230	582
1646	763
2993	376
650	4473
3558	4589
3235	2956
2168	132
4297	1058
4797	3344
2379	2237
706	3053
282	3684
4667	1533
4311	4381
3873	4020
3608	4540
1933	36
2653	1786
2728	1750
465	3220
2021	534
4724	367
3926	3433
1029	1509
4115	126
2469	279
4129	214
4079	3792
4254	4449
1011	1825
4099	223
946	2078
3787	383
4211	3236
3840	671
404	2541
3869	3929
2908	1650
1821	95
1781	2859
4418	1563
1184	798
2594	485
3377	4418
84	4361
825	71
601	4220
3969	1525
1549	2291
4700	125
4756	2304
2054	2743
2865	3546
105	3720
2530	144
878	176
951	1738
3200	1838
4905	2117
1508	3217
2064	1808
3188	4364
4741	319
2476	860
4790	3820
2108	401
1376	2108
2907	4287
1374	4821
181	536
687	1779
3619	1903
4038	3081
4448	1755
2251	1482
916	2391
567	4036
4250	1330
348	1829
4228	2096
1491	3605
4662	3956
4207	4504
752	1400
1871	2766
1236	923
993	1993
3992	3925
2762	4803
1374	978
50	4521
2710	2689
1580	1391
4421	3271
3323	1633
4743	773
3431	2244
263	1027
4567	2087
192	3599
2009	1025
1724	3494
4837	3696
505	1646
3064	2339
180	142
1667	4245
1829	2154
4971	3895
4338	4214
1268	2584
3015	3438
1223	3955
315	3569
315	2221
2455	1248
4239	4994
4943	3294
1093	1532
1987	4741
1795	4206
4631	4410
2979	4107
1949	2943
4042	3318
4701	4844
2141	3741
4867	3176
1903	375
3174	1153
4711	4183
849	502
878	3253
2386	4174
375	2703
3264	3983
3967	2969
4786	3100
3268	1606
1131	1676
4666	713
2225	1899
4680	485
468	951
3866	1925
2404	2545
2103	1792
579	2166
4954	3189
4921	3314
4806	3528
3775	4256
706	3622
2939	1431
2516	2762
1666	2316
1674	3764
4347	96
2451	4531
4360	815
3548	4951
2480	2613
4031	4837
2320	2764
2974	2104
1600	654
2725	856
385	2067
1053	1498
2780	4880
2181	3588
134	1236
4683	2163
1928	1224
609	1059
314	523
2562	3746
4303	2751
4331	2337
3804	339
3070	2096
770	750
1626	989
2740	1013
3951	2713
2938	2009
621	663
3139	2512
772	2402
1241	3054
4925	746
3966	1015
1576	1042
2621	4756
191	9
1516	712
4399	3674
3813	4262
3183	2771
651	2145
2714	3599
225	2607
4294	472
550	939
2134	1532
1141	3670
2061	131
297	2657
3297	1491
4614	2801
1391	4695
4450	2111
285	4370
771	2275
1114	2916
234	532
3330	2144
4957	4839
3606	1082
1994	1098
984	2103
854	3188
2220	2146
4006	3043
3145	1992
109	2505
1183	986
2173	2019
323	3909
4425	1063
3550	247
1686	3074
1076	431
3153	2572
351	2585
1931	2785
4316	4302
4434	2372
221	3372
1497	2514
1734	4343
2296	3928
1427	2219
3046	3345
2046	733
1386	4824
1631	1205
1337	3455
259	1666
3234	4554
335	4346
1502	2619
2926	3740
3011	4587
1790	229
1575	4881
4497	3506
2897	3138
4367	2328
411	3749
729	86
2451	1961
2744	3748
2522	3222
2028	1843
1356	117
2185	3840
837	5
2059	1982
4645	867
18	4599
1930	2621
1912	4967
2845	2163
4888	1941
2583	2402
113	214
3625	2982
3223	3056
714	2428
435	600
707	1193
1209	4064
3151	4395
1175	1769
4686	4810
3805	1504
4880	2818
